NAME: cvrp2
DIMENSION: 500
VEHICLES: 150
CAPACITY: 28
DEMAND_SECTION:
0   0   
1   9   
2   7   
3   6   
4   5   
5   7   
6   10  
7   9   
8   8   
9   9   
10  8   
11  6   
12  6   
13  5   
14  10
15  9
16  7
17  9
18  7
19  9
20  6
21  5
22  7
23  10
24  7
25  6
26  9
27  9
28  10
29  7
30  7
31  9
32  10
33  5
34  6
35  8
36  10
37  8
38  5
39  8
40  10
41  8
42  10
43  7
44  5
45  8
46  9
47  7
48  10
49  5
50  6
51  10
52  9
53  9
54  10
55  6
56  8
57  10
58  9
59  10
60  9
61  7
62  5
63  8
64  10
65  6
66  9
67  5
68  7
69  8
70  8
71  10
72  10
73  5
74  8
75  8
76  8
77  6
78  10
79  6
80  9
81  7
82  9
83  10
84  6
85  9
86  6
87  10
88  5
89  9
90  8
91  5
92  5
93  5
94  10
95  5
96  8
97  6
98  6
99  10
100 6
101 5
102 10
103 7
104 9
105 5
106 8
107 8
108 6
109 5
110 6
111 5
112 6
113 6
114 7
115 8
116 6
117 6
118 10
119 7
120 10
121 8
122 7
123 6
124 7
125 10
126 9
127 8
128 8
129 10
130 10
131 6
132 10
133 7
134 6
135 9
136 8
137 9
138 6
139 9
140 10
141 10
142 7
143 8
144 6
145 9
146 7
147 8
148 7
149 9
150 9
151 8
152 6
153 7
154 8
155 9
156 7
157 5
158 7
159 6
160 6
161 5
162 6
163 6
164 10
165 5
166 5
167 7
168 7
169 9
170 10
171 6
172 10
173 9
174 6
175 6
176 9
177 9
178 6
179 8
180 5
181 9
182 8
183 10
184 5
185 6
186 6
187 8
188 7
189 6
190 9
191 6
192 7
193 8
194 6
195 10
196 9
197 6
198 7
199 5
200 6
201 6
202 10
203 5
204 9
205 6
206 8
207 9
208 10
209 6
210 10
211 5
212 10
213 7
214 6
215 6
216 6
217 9
218 10
219 10
220 6
221 9
222 6
223 8
224 6
225 9
226 7
227 9
228 5
229 7
230 10
231 9
232 10
233 9
234 7
235 9
236 10
237 9
238 5
239 9
240 9
241 5
242 10
243 5
244 7
245 7
246 7
247 5
248 5
249 10
250 10
251 10
252 5
253 10
254 10
255 9
256 9
257 5
258 10
259 7
260 6
261 5
262 6
263 8
264 9
265 8
266 9
267 5
268 6
269 9
270 9
271 10
272 6
273 5
274 7
275 9
276 6
277 5
278 10
279 6
280 7
281 8
282 6
283 9
284 9
285 6
286 8
287 8
288 10
289 8
290 6
291 8
292 10
293 8
294 7
295 8
296 8
297 7
298 5
299 6
300 10
301 8
302 5
303 5
304 7
305 7
306 9
307 5
308 9
309 9
310 8
311 6
312 6
313 10
314 6
315 9
316 8
317 5
318 10
319 7
320 10
321 5
322 7
323 10
324 8
325 6
326 5
327 7
328 8
329 5
330 10
331 8
332 8
333 7
334 5
335 8
336 6
337 8
338 5
339 8
340 7
341 10
342 6
343 10
344 9
345 8
346 7
347 9
348 6
349 9
350 9
351 5
352 8
353 9
354 9
355 5
356 9
357 8
358 10
359 7
360 9
361 9
362 7
363 5
364 9
365 5
366 7
367 7
368 10
369 9
370 9
371 6
372 5
373 9
374 7
375 9
376 5
377 8
378 10
379 5
380 6
381 9
382 9
383 7
384 10
385 6
386 8
387 9
388 5
389 5
390 10
391 8
392 10
393 5
394 10
395 5
396 5
397 9
398 9
399 10
400 7
401 10
402 6
403 6
404 10
405 5
406 5
407 6
408 10
409 10
410 10
411 10
412 5
413 8
414 9
415 9
416 6
417 8
418 7
419 7
420 10
421 10
422 9
423 7
424 7
425 5
426 8
427 8
428 5
429 9
430 6
431 5
432 9
433 9
434 7
435 8
436 8
437 10
438 5
439 7
440 7
441 6
442 9
443 7
444 6
445 8
446 9
447 10
448 6
449 9
450 5
451 5
452 10
453 9
454 6
455 8
456 5
457 9
458 9
459 9
460 5
461 9
462 6
463 6
464 9
465 6
466 5
467 9
468 9
469 10
470 5
471 9
472 9
473 8
474 9
475 8
476 6
477 5
478 5
479 7
480 6
481 7
482 6
483 5
484 8
485 9
486 6
487 9
488 10
489 10
490 9
491 10
492 9
493 10
494 10
495 6
496 10
497 7
498 5
499 7

NODE_COORD_SECTION:
0   18  761
1   835 397
2   299 16
3   31  168
4   142 257
5   242 984
6   612 357
7   663 812
8   105 188
9   487 636
10  993 703
11  672 148
12  506 259
13  953 706
14  888 203
15  107 534
16  772 692
17  475 182
18  828 775
19  719 220
20  655 722
21  844 197
22  918 600
23  460 844
24  739 102
25  301 523
26  341 627
27  989 936
28  935 602
29  44  72
30  861 67
31  163 416
32  981 503
33  722 397
34  317 903
35  547 95
36  944 106
37  935 192
38  128 376
39  908 176
40  720 226
41  738 793
42  791 498
43  712 751
44  530 693
45  141 673
46  380 544
47  634 301
48  427 853
49  606 949
50  47  557
51  48  202
52  791 67
53  546 876
54  526 842
55  535 216
56  828 214
57  829 352
58  623 473
59  374 1000
60  74  187
61  275 415
62  726 789
63  51  597
64  894 395
65  159 743
66  301 893
67  755 946
68  978 261
69  709 153
70  391 153
71  876 370
72  846 725
73  604 107
74  117 709
75  507 89
76  348 744
77  476 204
78  181 957
79  948 710
80  158 788
81  414 685
82  358 66
83  196 732
84  283 343
85  456 931
86  5   468
87  459 43
88  555 414
89  94  964
90  558 360
91  641 424
92  132 16
93  777 947
94  25  205
95  852 45
96  5   686
97  400 682
98  501 234
99  905 968
100 492 971
101 817 114
102 651 941
103 817 643
104 735 937
105 333 829
106 223 584
107 306 412
108 209 663
109 206 549
110 542 691
111 296 10
112 215 747
113 148 641
114 9   553
115 411 59
116 382 800
117 824 612
118 608 727
119 481 574
120 169 950
121 350 608
122 396 536
123 36  459
124 359 339
125 798 917
126 10  569
127 813 10
128 569 627
129 692 467
130 166 178
131 247 413
132 738 487
133 508 327
134 158 986
135 983 244
136 637 109
137 177 207
138 357 374
139 361 972
140 365 701
141 582 957
142 712 996
143 932 452
144 847 981
145 60  66
146 252 267
147 944 435
148 338 688
149 900 168
150 583 871
151 852 59
152 921 72
153 845 534
154 387 253
155 812 354
156 5   404
157 590 575
158 930 128
159 184 742
160 832 466
161 285 346
162 548 976
163 32  531
164 966 58
165 31  40
166 162 539
167 621 425
168 802 495
169 385 493
170 769 329
171 921 15
172 64  106
173 854 678
174 943 122
175 103 285
176 304 739
177 398 212
178 335 459
179 43  108
180 400 255
181 935 851
182 179 147
183 822 749
184 60  32
185 829 992
186 783 760
187 218 360
188 321 463
189 403 172
190 32  134
191 218 490
192 44  456
193 430 570
194 896 875
195 509 572
196 424 936
197 639 505
198 914 852
199 984 435
200 479 341
201 207 937
202 709 700
203 235 795
204 557 130
205 270 964
206 482 320
207 60  761
208 836 272
209 413 327
210 509 379
211 961 329
212 819 754
213 176 910
214 648 809
215 640 892
216 838 79
217 552 232
218 831 306
219 503 726
220 555 765
221 486 958
222 571 837
223 162 504
224 458 845
225 378 389
226 458 127
227 929 786
228 364 368
229 579 971
230 662 173
231 320 524
232 919 901
233 894 787
234 428 736
235 554 560
236 94  22
237 82  61
238 581 840
239 54  127
240 693 830
241 355 662
242 24  276
243 946 348
244 844 433
245 877 594
246 238 103
247 556 739
248 503 462
249 264 505
250 782 143
251 919 703
252 958 559
253 90  181
254 794 485
255 267 35
256 322 883
257 376 52
258 487 982
259 541 423
260 36  607
261 101 687
262 657 754
263 880 943
264 372 421
265 695 294
266 174 686
267 128 560
268 926 32
269 540 223
270 490 930
271 334 635
272 125 661
273 473 467
274 129 401
275 247 415
276 725 544
277 284 155
278 200 281
279 822 540
280 306 433
281 216 59
282 887 520
283 714 539
284 780 97
285 464 94
286 951 329
287 785 333
288 886 820
289 677 811
290 232 689
291 595 733
292 690 901
293 457 905
294 149 843
295 914 940
296 87  154
297 868 966
298 492 778
299 106 127
300 735 816
301 108 897
302 37  189
303 143 876
304 192 855
305 898 931
306 484 891
307 225 887
308 845 927
309 87  156
310 332 670
311 178 109
312 16  13
313 17  419
314 986 893
315 54  851
316 2   931
317 73  853
318 603 900
319 495 820
320 156 825
321 452 820
322 846 825
323 625 965
324 409 900
325 474 942
326 350 832
327 267 929
328 121 149
329 456 850
330 86  109
331 184 186
332 475 917
333 83  123
334 254 899
335 132 768
336 437 848
337 867 938
338 936 945
339 140 810
340 431 895
341 951 961
342 449 950
343 186 798
344 908 949
345 322 852
346 913 937
347 934 958
348 270 978
349 159 863
350 954 920
351 389 874
352 273 852
353 900 963
354 881 878
355 181 113
356 478 868
357 464 902
358 563 823
359 149 130
360 162 793
361 444 918
362 136 138
363 541 906
364 155 868
365 34  189
366 130 980
367 237 386
368 190 854
369 182 825
370 520 908
371 517 985
372 815 899
373 539 823
374 55  50
375 498 853
376 86  140
377 121 190
378 253 850
379 72  175
380 155 903
381 744 860
382 479 941
383 44  63
384 43  203
385 115 299
386 906 933
387 121 875
388 139 818
389 185 933
390 5   191
391 152 860
392 81  163
393 840 863
394 15  221
395 366 999
396 898 981
397 214 965
398 677 912
399 471 869
400 188 671
401 312 929
402 976 943
403 51  48
404 421 911
405 40  708
406 116 814
407 72  266
408 183 409
409 100 88
410 424 921
411 877 967
412 458 890
413 27  179
414 171 936
415 932 1000
416 455 869
417 463 837
418 846 959
419 435 847
420 353 670
421 187 752
422 464 978
423 145 830
424 126 826
425 137 85
426 128 303
427 59  408
428 319 870
429 887 957
430 240 175
431 473 816
432 132 885
433 138 202
434 406 825
435 388 728
436 78  745
437 181 842
438 287 734
439 173 850
440 144 150
441 181 611
442 105 862
443 261 116
444 444 964
445 367 966
446 188 819
447 7   136
448 947 934
449 127 532
450 408 873
451 808 928
452 430 951
453 109 846
454 94  257
455 33  885
456 170 97
457 7   126
458 916 902
459 432 821
460 181 936
461 887 864
462 494 876
463 128 179
464 464 900
465 493 815
466 229 847
467 322 943
468 343 786
469 143 863
470 153 220
471 135 147
472 321 964
473 895 939
474 88  881
475 128 913
476 201 898
477 912 951
478 105 265
479 32  133
480 428 946
481 21  156
482 47  175
483 70  772
484 459 932
485 165 773
486 907 938
487 146 938
488 76  832
489 34  140
490 900 958
491 215 989
492 444 821
493 963 961
494 914 869
495 102 310
496 126 686
497 819 967
498 282 720
499 113 7800