4
26
3
600
0.10
0.04
3305.40 3407.00 4357 2983.9
3066.40 2418 568 1719.3
3757 3370 2553 1134
3693 3782 4737 2964.5
2614.50 1972 116 1731.7
3567 3015 1072 1227.7
1848.40 1009 1085 2601
1238.30 807 1562 1388.9
3243.20 2865 1518 632.6
1338.50 1435 2389 2066.3
633.9 931 2266 2253
1333.90 590 1296 2197.5
3219 2788 1941 594.6
3392.30 2766 910 1742
498.4 476 2264 2674.2
3279.60 2649 792 1705
3138.20 2934 1043 663
1338.10 498 1517.10 2538
3558.70 2934 1071.80 1761
820.9 1204 2993.50 3404
2798.30 2894 3856.60 2482
4424.80 4530 5493.20 3722
802.6 769 2558.30 2969
913.8 95.8 1858.90 2296
2800.20 2167 311.1 1707
331.1 1629 1333.50 637
1338.50 1434.70 2390 2066.3
1461.60 924.4 1334 1372
2815.40 2214.50 396 1231
1966 3036.40 4569
2966 1897.60 696
3044 1998 2087
2347 3416.40 4165
2514 1450.20 511
3203 2139.80 810
2102 1246.30 1486
904 235.3 1736
2743 2095 1074
0 1069.50 2605
709 1074.60 2576
1590 729.5 1660
2669 1965.80 1548
3308 2243.90 799
1675 1392 2636
3190 2126.50 712
2594 1709.50 652
1930 1162.20 1878
3476 2412.10 918
2120 2119.50 3355
1458 2528.90 4062
3094 4164.20 4913
1978 1684.20 2919
1529 1011.40 2220
2709 1645.20 479
1510 806.9 1184