NAME: tsp2
DIMENSION: 1500
DISPLAY_DATA_SECTION
   0   36683.33   15133.33
   1   36716.67   14683.33
   2   36716.67   14733.33
   3   36716.67   14850.00
   4   36716.67   15000.00
   5   36716.67   15083.33
   6   36733.33   14800.00
   7   36733.33   15033.33
   8   36733.33   15100.00
   9   36750.00   14633.33
  10   36750.00   14983.33
  11   36766.67   14733.33
  12   36766.67   14800.00
  13   36766.67   15016.67
  14   36766.67   15066.67
  15   36783.33   12033.33
  16   36783.33   14483.33
  17   36783.33   14550.00
  18   36783.33   14700.00
  19   36783.33   14916.67
  20   36783.33   15050.00
  21   36800.00   14983.33
  22   36800.00   15100.00
  23   36816.67   14566.67
  24   36816.67   14950.00
  25   36816.67   14983.33
  26   36833.33   11950.00
  27   36833.33   14516.67
  28   36833.33   15033.33
  29   36850.00   15116.67
  30   36866.67   14466.67
  31   36866.67   14633.33
  32   36866.67   14766.67
  33   36866.67   15133.33
  34   36883.33   14433.33
  35   36883.33   14516.67
  36   36883.33   14566.67
  37   36883.33   14966.67
  38   36883.33   15066.67
  39   36900.00   14916.67
  40   36900.00   15083.33
  41   36900.00   15133.33
  42   36916.67   14633.33
  43   36916.67   14733.33
  44   36933.33   14600.00
  45   36933.33   14966.67
  46   36933.33   15066.67
  47   36950.00   14533.33
  48   36950.00   14800.00
  49   36950.00   14933.33
  50   36950.00   15133.33
  51   36966.67   14750.00
  52   36966.67   14800.00
  53   36966.67   14966.67
  54   36966.67   15183.33
  55   36983.33   14533.33
  56   36983.33   14933.33
  57   36983.33   14966.67
  58   36983.33   15033.33
  59   36983.33   15116.67
  60   36983.33   15233.33
  61   37000.00   14383.33
  62   37033.33   14466.67
  63   37033.33   14700.00
  64   37033.33   15066.67
  65   37050.00   14800.00
  66   37050.00   15050.00
  67   37066.67   14250.00
  68   37066.67   14900.00
  69   37066.67   15300.00
  70   37083.33   14550.00
  71   37083.33   14766.67
  72   37083.33   14883.33
  73   37083.33   15150.00
  74   37083.33   15266.67
  75   37100.00   13933.33
  76   37100.00   14500.00
  77   37100.00   15116.67
  78   37100.00   15216.67
  79   37100.00   15233.33
  80   37100.00   15266.67
  81   37116.67   14933.33
  82   37116.67   15266.67
  83   37133.33   14300.00
  84   37133.33   14733.33
  85   37133.33   14850.00
  86   37133.33   14900.00
  87   37133.33   15016.67
  88   37150.00   14383.33
  89   37150.00   14700.00
  90   37150.00   15033.33
  91   37150.00   15183.33
  92   37166.67   13716.67
  93   37166.67   14750.00
  94   37183.33   13766.67
  95   37183.33   14183.33
  96   37183.33   14233.33
  97   37183.33   14516.67
  98   37183.33   15116.67
  99   37183.33   15166.67
 100   37183.33   15200.00
 101   37200.00   14716.67
 102   37200.00   14900.00
 103   37200.00   14950.00
 104   37216.67   13916.67
 105   37216.67   14633.33
 106   37216.67   14683.33
 107   37216.67   14983.33
 108   37216.67   15216.67
 109   37233.33   14516.67
 110   37233.33   14883.33
 111   37250.00   13783.33
 112   37250.00   13916.67
 113   37250.00   14183.33
 114   37250.00   14816.67
 115   37250.00   14850.00
 116   37250.00   15083.33
 117   37266.67   13583.33
 118   37266.67   13966.67
 119   37266.67   14700.00
 120   37266.67   14750.00
 121   37266.67   14800.00
 122   37266.67   15016.67
 123   37283.33   13533.33
 124   37283.33   13916.67
 125   37283.33   14083.33
 126   37283.33   14366.67
 127   37283.33   14433.33
 128   37283.33   14650.00
 129   37283.33   15000.00
 130   37283.33   15183.33
 131   37300.00   13466.67
 132   37300.00   13783.33
 133   37300.00   13950.00
 134   37300.00   14033.33
 135   37300.00   14216.67
 136   37300.00   14850.00
 137   37300.00   14900.00
 138   37316.67   13550.00
 139   37316.67   13566.67
 140   37316.67   13650.00
 141   37316.67   14450.00
 142   37316.67   14516.67
 143   37316.67   14750.00
 144   37333.33   13383.33
 145   37333.33   13416.67
 146   37333.33   13983.33
 147   37333.33   14616.67
 148   37333.33   14933.33
 149   37350.00   13533.33
 150   37350.00   13766.67
 151   37350.00   13850.00
 152   37350.00   13916.67
 153   37350.00   14800.00
 154   37350.00   14883.33
 155   37366.67   14200.00
 156   37366.67   14816.67
 157   37366.67   14933.33
 158   37366.67   15050.00
 159   37383.33   13350.00
 160   37383.33   13550.00
 161   37383.33   14366.67
 162   37383.33   14616.67
 163   37383.33   14700.00
 164   37400.00   13533.33
 165   37400.00   13616.67
 166   37400.00   13650.00
 167   37400.00   13700.00
 168   37400.00   13733.33
 169   37400.00   15066.67
 170   37416.67   14133.33
 171   37416.67   14450.00
 172   37416.67   14500.00
 173   37416.67   14550.00
 174   37433.33   13400.00
 175   37433.33   13550.00
 176   37433.33   13600.00
 177   37433.33   14066.67
 178   37433.33   14516.67
 179   37433.33   14633.33
 180   37450.00   13466.67
 181   37450.00   13816.67
 182   37450.00   13883.33
 183   37450.00   14683.33
 184   37450.00   14700.00
 185   37466.67   13383.33
 186   37466.67   13533.33
 187   37466.67   13733.33
 188   37466.67   13783.33
 189   37466.67   14466.67
 190   37466.67   14533.33
 191   37466.67   14833.33
 192   37483.33   13866.67
 193   37483.33   13983.33
 194   37483.33   14066.67
 195   37483.33   14466.67
 196   37483.33   14650.00
 197   37500.00   13266.67
 198   37500.00   13666.67
 199   37500.00   13716.67
 200   37500.00   14383.33
 201   37500.00   14616.67
 202   37500.00   14633.33
 203   37500.00   14800.00
 204   37500.00   14900.00
 205   37500.00   15100.00
 206   37516.67   13050.00
 207   37516.67   13283.33
 208   37516.67   13433.33
 209   37516.67   13533.33
 210   37516.67   13733.33
 211   37516.67   14033.33
 212   37516.67   14133.33
 213   37516.67   14966.67
 214   37516.67   15000.00
 215   37516.67   15066.67
 216   37533.33   13650.00
 217   37533.33   13833.33
 218   37533.33   14583.33
 219   37550.00   14583.33
 220   37550.00   14616.67
 221   37550.00   15066.67
 222   37550.00   15133.33
 223   37566.67   12650.00
 224   37566.67   12900.00
 225   37566.67   13216.67
 226   37566.67   13450.00
 227   37566.67   13700.00
 228   37566.67   14266.67
 229   37566.67   14383.33
 230   37566.67   14683.33
 231   37566.67   14750.00
 232   37566.67   14900.00
 233   37566.67   15050.00
 234   37566.67   15100.00
 235   37566.67   15166.67
 236   37583.33   12833.33
 237   37583.33   13283.33
 238   37583.33   13300.00
 239   37583.33   13750.00
 240   37583.33   14033.33
 241   37583.33   14166.67
 242   37583.33   14266.67
 243   37583.33   14650.00
 244   37583.33   14850.00
 245   37583.33   14966.67
 246   37583.33   15116.67
 247   37583.33   15183.33
 248   37600.00   12966.67
 249   37600.00   13283.33
 250   37600.00   13833.33
 251   37600.00   13916.67
 252   37600.00   14466.67
 253   37600.00   14616.67
 254   37600.00   15083.33
 255   37600.00   15116.67
 256   37600.00   15133.33
 257   37616.67   13250.00
 258   37616.67   13433.33
 259   37616.67   13483.33
 260   37616.67   14000.00
 261   37616.67   14016.67
 262   37616.67   14350.00
 263   37616.67   14416.67
 264   37616.67   14583.33
 265   37616.67   14733.33
 266   37616.67   14883.33
 267   37616.67   15016.67
 268   37616.67   15083.33
 269   37616.67   15116.67
 270   37616.67   15166.67
 271   37633.33   12750.00
 272   37633.33   13000.00
 273   37633.33   13633.33
 274   37633.33   13650.00
 275   37633.33   14183.33
 276   37633.33   14383.33
 277   37633.33   14866.67
 278   37633.33   15066.67
 279   37650.00   12583.33
 280   37650.00   13116.67
 281   37650.00   13183.33
 282   37650.00   13833.33
 283   37650.00   14450.00
 284   37650.00   14516.67
 285   37650.00   14633.33
 286   37650.00   15100.00
 287   37650.00   15183.33
 288   37650.00   15200.00
 289   37666.67   13233.33
 290   37666.67   13983.33
 291   37666.67   14683.33
 292   37666.67   14833.33
 293   37666.67   15133.33
 294   37683.33   12483.33
 295   37683.33   12783.33
 296   37683.33   13016.67
 297   37683.33   13266.67
 298   37683.33   13383.33
 299   37683.33   13466.67
 300   37683.33   13600.00
 301   37683.33   13833.33
 302   37683.33   14033.33
 303   37683.33   14250.00
 304   37683.33   14733.33
 305   37683.33   14950.00
 306   37683.33   15100.00
 307   37683.33   15133.33
 308   37700.00   12483.33
 309   37700.00   12500.00
 310   37700.00   12566.67
 311   37700.00   12966.67
 312   37700.00   13250.00
 313   37700.00   13716.67
 314   37700.00   14116.67
 315   37716.67   12483.33
 316   37716.67   12533.33
 317   37716.67   12633.33
 318   37716.67   12883.33
 319   37716.67   13433.33
 320   37716.67   14166.67
 321   37716.67   14533.33
 322   37716.67   14716.67
 323   37716.67   15183.33
 324   37716.67   15233.33
 325   37733.33   12516.67
 326   37733.33   13183.33
 327   37733.33   13700.00
 328   37733.33   14066.67
 329   37733.33   14083.33
 330   37733.33   14100.00
 331   37733.33   15100.00
 332   37733.33   15116.67
 333   37733.33   15133.33
 334   37733.33   15200.00
 335   37750.00   12500.00
 336   37750.00   12516.67
 337   37750.00   12583.33
 338   37750.00   13266.67
 339   37750.00   13600.00
 340   37750.00   13816.67
 341   37750.00   14400.00
 342   37750.00   15133.33
 343   37750.00   15200.00
 344   37766.67   12550.00
 345   37766.67   12666.67
 346   37766.67   12883.33
 347   37766.67   14083.33
 348   37766.67   14116.67
 349   37766.67   14350.00
 350   37766.67   14633.33
 351   37766.67   15183.33
 352   37766.67   15200.00
 353   37783.33   12483.33
 354   37783.33   12533.33
 355   37783.33   12700.00
 356   37783.33   12966.67
 357   37783.33   13000.00
 358   37783.33   13016.67
 359   37783.33   13716.67
 360   37783.33   14033.33
 361   37783.33   14100.00
 362   37783.33   14116.67
 363   37783.33   14600.00
 364   37783.33   14716.67
 365   37783.33   14766.67
 366   37783.33   14833.33
 367   37783.33   15200.00
 368   37800.00   12433.33
 369   37800.00   12483.33
 370   37800.00   12516.67
 371   37800.00   12533.33
 372   37800.00   12816.67
 373   37800.00   13650.00
 374   37800.00   14033.33
 375   37800.00   14083.33
 376   37800.00   14200.00
 377   37800.00   14666.67
 378   37800.00   14800.00
 379   37800.00   14883.33
 380   37800.00   15133.33
 381   37800.00   15200.00
 382   37816.67   12466.67
 383   37816.67   12483.33
 384   37816.67   12500.00
 385   37816.67   12533.33
 386   37816.67   12550.00
 387   37816.67   12600.00
 388   37816.67   12666.67
 389   37816.67   12750.00
 390   37816.67   12800.00
 391   37816.67   13300.00
 392   37816.67   13566.67
 393   37816.67   13633.33
 394   37816.67   13850.00
 395   37816.67   13883.33
 396   37816.67   14000.00
 397   37816.67   14500.00
 398   37816.67   14700.00
 399   37816.67   14716.67
 400   37816.67   14866.67
 401   37816.67   15233.33
 402   37833.33   12516.67
 403   37833.33   12766.67
 404   37833.33   13150.00
 405   37833.33   13483.33
 406   37833.33   13716.67
 407   37833.33   14550.00
 408   37833.33   14600.00
 409   37833.33   14716.67
 410   37833.33   15133.33
 411   37833.33   15283.33
 412   37850.00   12466.67
 413   37850.00   12500.00
 414   37850.00   12516.67
 415   37850.00   12533.33
 416   37850.00   13766.67
 417   37850.00   13900.00
 418   37850.00   14150.00
 419   37850.00   14483.33
 420   37850.00   14566.67
 421   37850.00   14700.00
 422   37850.00   14783.33
 423   37850.00   15216.67
 424   37850.00   15283.33
 425   37866.67   12466.67
 426   37866.67   12483.33
 427   37866.67   12516.67
 428   37866.67   12666.67
 429   37866.67   12816.67
 430   37866.67   13466.67
 431   37866.67   13633.33
 432   37866.67   13783.33
 433   37866.67   14183.33
 434   37866.67   14933.33
 435   37866.67   15033.33
 436   37883.33   12466.67
 437   37883.33   12483.33
 438   37883.33   12600.00
 439   37883.33   12950.00
 440   37883.33   13150.00
 441   37883.33   13366.67
 442   37883.33   14316.67
 443   37883.33   14666.67
 444   37883.33   14833.33
 445   37883.33   14950.00
 446   37883.33   15116.67
 447   37883.33   15316.67
 448   37900.00   12350.00
 449   37900.00   12650.00
 450   37900.00   13100.00
 451   37900.00   13366.67
 452   37900.00   13433.33
 453   37900.00   13466.67
 454   37900.00   13483.33
 455   37900.00   13566.67
 456   37900.00   13816.67
 457   37900.00   15050.00
 458   37900.00   15133.33
 459   37900.00   15300.00
 460   37916.67   12300.00
 461   37916.67   12516.67
 462   37916.67   12866.67
 463   37916.67   13066.67
 464   37916.67   13133.33
 465   37916.67   13533.33
 466   37916.67   13566.67
 467   37916.67   13750.00
 468   37916.67   13933.33
 469   37916.67   14183.33
 470   37916.67   14966.67
 471   37916.67   15066.67
 472   37916.67   15266.67
 473   37916.67   15333.33
 474   37916.67   15350.00
 475   37916.67   15750.00
 476   37916.67   15783.33
 477   37916.67   15983.33
 478   37933.33   12333.33
 479   37933.33   12500.00
 480   37933.33   12533.33
 481   37933.33   12683.33
 482   37933.33   12733.33
 483   37933.33   12966.67
 484   37933.33   13666.67
 485   37933.33   14000.00
 486   37933.33   14083.33
 487   37933.33   14366.67
 488   37933.33   14950.00
 489   37933.33   15000.00
 490   37933.33   15766.67
 491   37933.33   15800.00
 492   37933.33   15850.00
 493   37933.33   15916.67
 494   37933.33   15983.33
 495   37933.33   16050.00
 496   37950.00   12516.67
 497   37950.00   12683.33
 498   37950.00   12700.00
 499   37950.00   13083.33
 500   37950.00   13416.67
 501   37950.00   14466.67
 502   37950.00   15100.00
 503   37950.00   15316.67
 504   37950.00   15350.00
 505   37950.00   15366.67
 506   37950.00   15383.33
 507   37950.00   15700.00
 508   37950.00   15766.67
 509   37950.00   15933.33
 510   37950.00   16066.67
 511   37966.67   12066.67
 512   37966.67   12650.00
 513   37966.67   12683.33
 514   37966.67   12800.00
 515   37966.67   13166.67
 516   37966.67   13183.33
 517   37966.67   13450.00
 518   37966.67   13966.67
 519   37966.67   14283.33
 520   37966.67   14333.33
 521   37966.67   14750.00
 522   37966.67   15183.33
 523   37966.67   15250.00
 524   37966.67   15266.67
 525   37966.67   15283.33
 526   37966.67   15400.00
 527   37966.67   15666.67
 528   37966.67   15683.33
 529   37966.67   15800.00
 530   37966.67   15900.00
 531   37966.67   15983.33
 532   37966.67   16016.67
 533   37966.67   16083.33
 534   37966.67   16100.00
 535   37983.33   12333.33
 536   37983.33   12550.00
 537   37983.33   12633.33
 538   37983.33   12700.00
 539   37983.33   12966.67
 540   37983.33   13333.33
 541   37983.33   13650.00
 542   37983.33   13700.00
 543   37983.33   13883.33
 544   37983.33   14016.67
 545   37983.33   14150.00
 546   37983.33   14233.33
 547   37983.33   14916.67
 548   37983.33   15150.00
 549   37983.33   15233.33
 550   37983.33   15266.67
 551   37983.33   15283.33
 552   37983.33   15316.67
 553   37983.33   15333.33
 554   37983.33   15366.67
 555   37983.33   15416.67
 556   37983.33   15650.00
 557   37983.33   15666.67
 558   37983.33   15733.33
 559   37983.33   15750.00
 560   37983.33   15800.00
 561   37983.33   15816.67
 562   37983.33   15866.67
 563   37983.33   16100.00
 564   38000.00   12733.33
 565   38000.00   13283.33
 566   38000.00   13933.33
 567   38000.00   15100.00
 568   38000.00   15316.67
 569   38000.00   15433.33
 570   38000.00   15700.00
 571   38000.00   15866.67
 572   38000.00   15933.33
 573   38000.00   16033.33
 574   38016.67   12483.33
 575   38016.67   12650.00
 576   38016.67   12733.33
 577   38016.67   12883.33
 578   38016.67   13083.33
 579   38016.67   13583.33
 580   38016.67   14100.00
 581   38016.67   14166.67
 582   38016.67   14183.33
 583   38016.67   14216.67
 584   38016.67   14250.00
 585   38016.67   14350.00
 586   38016.67   14433.33
 587   38016.67   14600.00
 588   38016.67   14666.67
 589   38016.67   14700.00
 590   38016.67   14750.00
 591   38016.67   15000.00
 592   38016.67   15100.00
 593   38016.67   15133.33
 594   38016.67   15183.33
 595   38016.67   15650.00
 596   38016.67   15666.67
 597   38016.67   15766.67
 598   38016.67   15783.33
 599   38016.67   15816.67
 600   38016.67   15833.33
 601   38016.67   15966.67
 602   38016.67   16050.00
 603   38016.67   16083.33
 604   38033.33   12583.33
 605   38033.33   12616.67
 606   38033.33   12666.67
 607   38033.33   12783.33
 608   38033.33   13383.33
 609   38033.33   13450.00
 610   38033.33   13533.33
 611   38033.33   14016.67
 612   38033.33   14466.67
 613   38033.33   14633.33
 614   38033.33   14766.67
 615   38033.33   14816.67
 616   38033.33   15150.00
 617   38033.33   15383.33
 618   38033.33   15416.67
 619   38033.33   15900.00
 620   38033.33   15983.33
 621   38033.33   16033.33
 622   38033.33   16083.33
 623   38033.33   16133.33
 624   38050.00   12633.33
 625   38050.00   12666.67
 626   38050.00   12683.33
 627   38050.00   13000.00
 628   38050.00   13116.67
 629   38050.00   13133.33
 630   38050.00   13233.33
 631   38050.00   13300.00
 632   38050.00   13533.33
 633   38050.00   14583.33
 634   38050.00   14600.00
 635   38050.00   14616.67
 636   38050.00   14633.33
 637   38050.00   14650.00
 638   38050.00   14666.67
 639   38050.00   14883.33
 640   38050.00   14900.00
 641   38050.00   14966.67
 642   38050.00   15000.00
 643   38050.00   15016.67
 644   38050.00   15033.33
 645   38050.00   15100.00
 646   38050.00   15183.33
 647   38050.00   15433.33
 648   38050.00   15466.67
 649   38050.00   15650.00
 650   38050.00   15700.00
 651   38050.00   15750.00
 652   38050.00   15916.67
 653   38050.00   16100.00
 654   38066.67   12550.00
 655   38066.67   12683.33
 656   38066.67   12700.00
 657   38066.67   12816.67
 658   38066.67   13433.33
 659   38066.67   13450.00
 660   38066.67   14633.33
 661   38066.67   14650.00
 662   38066.67   14700.00
 663   38066.67   14733.33
 664   38066.67   14766.67
 665   38066.67   14800.00
 666   38066.67   14983.33
 667   38066.67   15066.67
 668   38066.67   15116.67
 669   38066.67   15200.00
 670   38066.67   15650.00
 671   38066.67   15683.33
 672   38066.67   15916.67
 673   38066.67   15983.33
 674   38066.67   16050.00
 675   38066.67   16133.33
 676   38083.33   12700.00
 677   38083.33   12716.67
 678   38083.33   13150.00
 679   38083.33   13166.67
 680   38083.33   13283.33
 681   38083.33   13333.33
 682   38083.33   13466.67
 683   38083.33   13500.00
 684   38083.33   13516.67
 685   38083.33   14666.67
 686   38083.33   14733.33
 687   38083.33   14750.00
 688   38083.33   14800.00
 689   38083.33   14850.00
 690   38083.33   14883.33
 691   38083.33   14950.00
 692   38083.33   15133.33
 693   38083.33   15166.67
 694   38083.33   15450.00
 695   38083.33   15683.33
 696   38083.33   15733.33
 697   38083.33   15766.67
 698   38083.33   16150.00
 699   38100.00   12700.00
 700   38100.00   12733.33
 701   38100.00   13300.00
 702   38100.00   13533.33
 703   38100.00   14833.33
 704   38100.00   14900.00
 705   38100.00   14950.00
 706   38100.00   15083.33
 707   38100.00   15166.67
 708   38100.00   15200.00
 709   38100.00   15483.33
 710   38100.00   15500.00
 711   38100.00   15650.00
 712   38100.00   15700.00
 713   38100.00   15716.67
 714   38100.00   15883.33
 715   38100.00   16083.33
 716   38100.00   16100.00
 717   38100.00   16133.33
 718   38116.67   13283.33
 719   38116.67   13333.33
 720   38116.67   13366.67
 721   38116.67   14716.67
 722   38116.67   14750.00
 723   38116.67   14783.33
 724   38116.67   14800.00
 725   38116.67   14883.33
 726   38116.67   14950.00
 727   38116.67   15050.00
 728   38116.67   15083.33
 729   38116.67   15116.67
 730   38116.67   15183.33
 731   38116.67   15233.33
 732   38116.67   15483.33
 733   38116.67   15500.00
 734   38116.67   15516.67
 735   38116.67   15683.33
 736   38116.67   15716.67
 737   38116.67   15733.33
 738   38116.67   15850.00
 739   38133.33   12750.00
 740   38133.33   13183.33
 741   38133.33   14733.33
 742   38133.33   14850.00
 743   38133.33   14883.33
 744   38133.33   14966.67
 745   38133.33   15000.00
 746   38133.33   15033.33
 747   38133.33   15150.00
 748   38133.33   15183.33
 749   38133.33   15233.33
 750   38133.33   15350.00
 751   38133.33   15383.33
 752   38133.33   15400.00
 753   38133.33   15483.33
 754   38133.33   15500.00
 755   38133.33   15700.00
 756   38133.33   15716.67
 757   38133.33   15750.00
 758   38133.33   15800.00
 759   38133.33   15883.33
 760   38150.00   13083.33
 761   38150.00   13100.00
 762   38150.00   13166.67
 763   38150.00   14833.33
 764   38150.00   14900.00
 765   38150.00   14950.00
 766   38150.00   15016.67
 767   38150.00   15183.33
 768   38150.00   15200.00
 769   38150.00   15216.67
 770   38150.00   15233.33
 771   38150.00   15283.33
 772   38150.00   15300.00
 773   38150.00   15333.33
 774   38150.00   15350.00
 775   38150.00   15383.33
 776   38150.00   15400.00
 777   38150.00   15416.67
 778   38150.00   15466.67
 779   38150.00   15483.33
 780   38150.00   15500.00
 781   38150.00   15650.00
 782   38150.00   15783.33
 783   38150.00   16066.67
 784   38150.00   16083.33
 785   38150.00   16183.33
 786   38166.67   12750.00
 787   38166.67   13233.33
 788   38166.67   14750.00
 789   38166.67   14866.67
 790   38166.67   14900.00
 791   38166.67   14933.33
 792   38166.67   15200.00
 793   38166.67   15250.00
 794   38166.67   15266.67
 795   38166.67   15283.33
 796   38166.67   15316.67
 797   38166.67   15333.33
 798   38166.67   15366.67
 799   38166.67   15416.67
 800   38166.67   15483.33
 801   38166.67   15516.67
 802   38166.67   15550.00
 803   38166.67   15633.33
 804   38166.67   15650.00
 805   38166.67   15683.33
 806   38166.67   15700.00
 807   38166.67   15733.33
 808   38166.67   15750.00
 809   38166.67   15833.33
 810   38166.67   16116.67
 811   38166.67   16200.00
 812   38183.33   13283.33
 813   38183.33   15216.67
 814   38183.33   15233.33
 815   38183.33   15250.00
 816   38183.33   15266.67
 817   38183.33   15316.67
 818   38183.33   15350.00
 819   38183.33   15366.67
 820   38183.33   15383.33
 821   38183.33   15433.33
 822   38183.33   15483.33
 823   38183.33   15500.00
 824   38183.33   15516.67
 825   38183.33   15533.33
 826   38183.33   15566.67
 827   38183.33   15633.33
 828   38183.33   15716.67
 829   38183.33   15766.67
 830   38183.33   15883.33
 831   38183.33   16050.00
 832   38183.33   16150.00
 833   38183.33   16166.67
 834   38200.00   13250.00
 835   38200.00   13283.33
 836   38200.00   13333.33
 837   38200.00   15233.33
 838   38200.00   15266.67
 839   38200.00   15316.67
 840   38200.00   15333.33
 841   38200.00   15366.67
 842   38200.00   15383.33
 843   38200.00   15416.67
 844   38200.00   15516.67
 845   38200.00   15683.33
 846   38200.00   15733.33
 847   38200.00   16150.00
 848   38200.00   16183.33
 849   38216.67   15233.33
 850   38216.67   15366.67
 851   38216.67   15433.33
 852   38216.67   15500.00
 853   38216.67   15533.33
 854   38216.67   15633.33
 855   38216.67   15650.00
 856   38216.67   15666.67
 857   38216.67   15733.33
 858   38216.67   16050.00
 859   38216.67   16100.00
 860   38216.67   16116.67
 861   38216.67   16200.00
 862   38233.33   15433.33
 863   38233.33   15450.00
 864   38233.33   15466.67
 865   38233.33   15516.67
 866   38233.33   15650.00
 867   38233.33   15783.33
 868   38233.33   15916.67
 869   38233.33   15933.33
 870   38233.33   16100.00
 871   38233.33   16150.00
 872   38233.33   16216.67
 873   38233.33   16233.33
 874   38233.33   16250.00
 875   38233.33   16266.67
 876   38250.00   15433.33
 877   38250.00   15483.33
 878   38250.00   15516.67
 879   38250.00   15600.00
 880   38250.00   15716.67
 881   38250.00   15766.67
 882   38250.00   15783.33
 883   38250.00   15800.00
 884   38250.00   15966.67
 885   38250.00   16233.33
 886   38266.67   15583.33
 887   38266.67   15650.00
 888   38266.67   15800.00
 889   38266.67   15850.00
 890   38266.67   15866.67
 891   38266.67   15883.33
 892   38266.67   15933.33
 893   38266.67   16150.00
 894   38266.67   16216.67
 895   38266.67   16266.67
 896   38266.67   16300.00
 897   38283.33   15533.33
 898   38283.33   15800.00
 899   38283.33   15883.33
 900   38283.33   15900.00
 901   38283.33   15950.00
 902   38283.33   16250.00
 903   38283.33   16266.67
 904   38283.33   16283.33
 905   38283.33   16300.00
 906   38300.00   15550.00
 907   38300.00   15883.33
 908   38300.00   16000.00
 909   38300.00   16033.33
 910   38300.00   16166.67
 911   38300.00   16233.33
 912   38300.00   16333.33
 913   38316.67   15850.00
 914   38316.67   15916.67
 915   38316.67   15983.33
 916   38316.67   16016.67
 917   38316.67   16033.33
 918   38316.67   16200.00
 919   38316.67   16316.67
 920   38316.67   16400.00
 921   38333.33   15866.67
 922   38333.33   15900.00
 923   38333.33   15950.00
 924   38333.33   16250.00
 925   38333.33   16300.00
 926   38333.33   16316.67
 927   38350.00   15850.00
 928   38350.00   15866.67
 929   38350.00   15966.67
 930   38350.00   16016.67
 931   38350.00   16083.33
 932   38350.00   16116.67
 933   38350.00   16166.67
 934   38350.00   16283.33
 935   38350.00   16333.33
 936   38350.00   16466.67
 937   38366.67   15883.33
 938   38366.67   15900.00
 939   38366.67   15983.33
 940   38366.67   16050.00
 941   38366.67   16233.33
 942   38366.67   16283.33
 943   38366.67   16366.67
 944   38383.33   15866.67
 945   38383.33   15883.33
 946   38383.33   15900.00
 947   38383.33   15950.00
 948   38383.33   16033.33
 949   38383.33   16050.00
 950   38383.33   16100.00
 951   38383.33   16116.67
 952   38383.33   16133.33
 953   38383.33   16333.33
 954   38383.33   16400.00
 955   38383.33   16516.67
 956   38400.00   15866.67
 957   38400.00   15950.00
 958   38400.00   15966.67
 959   38400.00   16066.67
 960   38400.00   16533.33
 961   38416.67   14950.00
 962   38416.67   15900.00
 963   38416.67   15950.00
 964   38416.67   16100.00
 965   38416.67   16133.33
 966   38416.67   16300.00
 967   38416.67   16383.33
 968   38416.67   16450.00
 969   38416.67   16466.67
 970   38416.67   16500.00
 971   38433.33   15916.67
 972   38433.33   15966.67
 973   38433.33   16066.67
 974   38433.33   16100.00
 975   38433.33   16333.33
 976   38433.33   16350.00
 977   38433.33   16416.67
 978   38433.33   16433.33
 979   38433.33   16483.33
 980   38433.33   16500.00
 981   38433.33   16550.00
 982   38433.33   16566.67
 983   38450.00   14950.00
 984   38450.00   16083.33
 985   38450.00   16116.67
 986   38450.00   16166.67
 987   38450.00   16383.33
 988   38450.00   16416.67
 989   38450.00   16550.00
 990   38466.67   14950.00
 991   38466.67   15916.67
 992   38466.67   15933.33
 993   38466.67   15950.00
 994   38466.67   16066.67
 995   38466.67   16100.00
 996   38466.67   16450.00
 997   38466.67   16466.67
 998   38483.33   14933.33
 999   38483.33   14950.00
1000   38483.33   14966.67
1001   38483.33   15916.67
1002   38483.33   15966.67
1003   38483.33   16083.33
1004   38483.33   16300.00
1005   38483.33   16383.33
1006   38483.33   16466.67
1007   38483.33   16533.33
1008   38483.33   16566.67
1009   38500.00   14916.67
1010   38500.00   16083.33
1011   38500.00   16383.33
1012   38500.00   16500.00
1013   38516.67   14933.33
1014   38516.67   14950.00
1015   38516.67   16100.00
1016   38516.67   16150.00
1017   38516.67   16316.67
1018   38516.67   16450.00
1019   38533.33   14866.67
1020   38533.33   15983.33
1021   38533.33   16166.67
1022   38533.33   16233.33
1023   38533.33   16250.00
1024   38533.33   16266.67
1025   38533.33   16416.67
1026   38533.33   16450.00
1027   38533.33   16516.67
1028   38550.00   14816.67
1029   38550.00   15933.33
1030   38550.00   15950.00
1031   38550.00   15966.67
1032   38550.00   16166.67
1033   38550.00   16183.33
1034   38550.00   16316.67
1035   38550.00   16366.67
1036   38550.00   16400.00
1037   38566.67   14550.00
1038   38566.67   14566.67
1039   38566.67   14800.00
1040   38566.67   14866.67
1041   38566.67   15933.33
1042   38566.67   15966.67
1043   38566.67   16016.67
1044   38566.67   16033.33
1045   38566.67   16200.00
1046   38566.67   16216.67
1047   38566.67   16516.67
1048   38566.67   16566.67
1049   38583.33   14833.33
1050   38583.33   15883.33
1051   38583.33   15933.33
1052   38583.33   15966.67
1053   38583.33   16000.00
1054   38583.33   16083.33
1055   38583.33   16216.67
1056   38583.33   16233.33
1057   38583.33   16250.00
1058   38583.33   16266.67
1059   38583.33   16333.33
1060   38600.00   15883.33
1061   38600.00   16000.00
1062   38600.00   16066.67
1063   38600.00   16100.00
1064   38600.00   16233.33
1065   38600.00   16516.67
1066   38616.67   13400.00
1067   38616.67   15866.67
1068   38616.67   15900.00
1069   38616.67   16000.00
1070   38616.67   16016.67
1071   38616.67   16050.00
1072   38616.67   16116.67
1073   38616.67   16166.67
1074   38616.67   16333.33
1075   38633.33   15083.33
1076   38633.33   15900.00
1077   38633.33   16050.00
1078   38633.33   16066.67
1079   38633.33   16100.00
1080   38633.33   16250.00
1081   38633.33   16283.33
1082   38633.33   16350.00
1083   38633.33   16383.33
1084   38633.33   16483.33
1085   38633.33   16516.67
1086   38633.33   16533.33
1087   38650.00   15850.00
1088   38650.00   15866.67
1089   38650.00   15900.00
1090   38650.00   15916.67
1091   38650.00   15966.67
1092   38650.00   15983.33
1093   38650.00   16016.67
1094   38650.00   16033.33
1095   38650.00   16100.00
1096   38650.00   16233.33
1097   38650.00   16366.67
1098   38650.00   16450.00
1099   38650.00   16483.33
1100   38666.67   15850.00
1101   38666.67   15866.67
1102   38666.67   15883.33
1103   38666.67   15916.67
1104   38666.67   15950.00
1105   38666.67   16016.67
1106   38666.67   16066.67
1107   38666.67   16100.00
1108   38666.67   16116.67
1109   38666.67   16283.33
1110   38666.67   16350.00
1111   38666.67   16400.00
1112   38666.67   16433.33
1113   38666.67   16483.33
1114   38683.33   15900.00
1115   38683.33   15916.67
1116   38683.33   15933.33
1117   38683.33   16066.67
1118   38683.33   16233.33
1119   38683.33   16283.33
1120   38683.33   16416.67
1121   38683.33   16533.33
1122   38683.33   16550.00
1123   38700.00   13183.33
1124   38700.00   15983.33
1125   38700.00   16016.67
1126   38700.00   16033.33
1127   38700.00   16050.00
1128   38700.00   16100.00
1129   38700.00   16150.00
1130   38700.00   16183.33
1131   38700.00   16466.67
1132   38716.67   16016.67
1133   38716.67   16033.33
1134   38716.67   16116.67
1135   38716.67   16133.33
1136   38716.67   16283.33
1137   38716.67   16366.67
1138   38716.67   16416.67
1139   38716.67   16500.00
1140   38733.33   15983.33
1141   38733.33   16166.67
1142   38733.33   16216.67
1143   38733.33   16500.00
1144   38750.00   16233.33
1145   38750.00   16316.67
1146   38750.00   16450.00
1147   38750.00   16500.00
1148   38766.67   16266.67
1149   38766.67   16450.00
1150   38766.67   16533.33
1151   38766.67   16550.00
1152   38783.33   15183.33
1153   38783.33   16283.33
1154   38783.33   16316.67
1155   38783.33   16450.00
1156   38783.33   16516.67
1157   38783.33   16550.00
1158   38800.00   15233.33
1159   38800.00   16233.33
1160   38800.00   16250.00
1161   38800.00   16333.33
1162   38800.00   16383.33
1163   38800.00   16400.00
1164   38800.00   16583.33
1165   38800.00   16600.00
1166   38816.67   16316.67
1167   38816.67   16333.33
1168   38816.67   16416.67
1169   38816.67   16500.00
1170   38816.67   16516.67
1171   38816.67   16600.00
1172   38833.33   16266.67
1173   38833.33   16333.33
1174   38833.33   16416.67
1175   38833.33   16516.67
1176   38833.33   16533.33
1177   38833.33   16550.00
1178   38850.00   16283.33
1179   38850.00   16333.33
1180   38850.00   16366.67
1181   38850.00   16466.67
1182   38850.00   16566.67
1183   38850.00   16600.00
1184   38850.00   16666.67
1185   38866.67   16233.33
1186   38866.67   16416.67
1187   38866.67   16566.67
1188   38866.67   16600.00
1189   38866.67   16633.33
1190   38866.67   16700.00
1191   38883.33   16216.67
1192   38883.33   16350.00
1193   38883.33   16400.00
1194   38883.33   16483.33
1195   38883.33   16666.67
1196   38883.33   16700.00
1197   38900.00   16250.00
1198   38900.00   16416.67
1199   38900.00   16533.33
1200   38900.00   16583.33
1201   38900.00   16733.33
1202   38900.00   17016.67
1203   38900.00   17100.00
1204   38916.67   16250.00
1205   38916.67   16316.67
1206   38916.67   16366.67
1207   38916.67   16550.00
1208   38916.67   16600.00
1209   38916.67   16716.67
1210   38916.67   16766.67
1211   38916.67   16783.33
1212   38916.67   16800.00
1213   38916.67   17066.67
1214   38916.67   17100.00
1215   38916.67    8766.67
1216   38916.67    8883.33
1217   38918.06    8912.78
1218   38924.44    8919.17
1219   38929.44    8926.94
1220   38933.06    8933.89
1221   38933.33   16500.00
1222   38933.33   16566.67
1223   38933.33   16666.67
1224   38933.33   16683.33
1225   38933.33   16733.33
1226   38933.33   16850.00
1227   38940.00    8941.94
1228   38950.00   16250.00
1229   38950.00   16383.33
1230   38950.00   16433.33
1231   38950.00   16466.67
1232   38950.00   16500.00
1233   38950.00   16633.33
1234   38950.00   16683.33
1235   38950.00   16716.67
1236   38950.00   16783.33
1237   38950.00   16833.33
1238   38950.00   16883.33
1239   38950.00   16916.67
1240   38950.00   17050.00
1241   38950.00    8866.67
1242   38966.67   16166.67
1243   38966.67   16250.00
1244   38966.67   16283.33
1245   38966.67   16366.67
1246   38966.67   16416.67
1247   38966.67   16433.33
1248   38966.67   16483.33
1249   38966.67   16533.33
1250   38966.67   16583.33
1251   38966.67   16750.00
1252   38966.67   16783.33
1253   38966.67   16850.00
1254   38966.67   16866.67
1255   38966.67   17066.67
1256   38966.67   17083.33
1257   38966.67   17100.00
1258   38966.67   17133.33
1259   38966.67    8766.67
1260   38969.17    8970.83
1261   38971.11    8984.72
1262   38983.33   16166.67
1263   38983.33   16200.00
1264   38983.33   16250.00
1265   38983.33   16316.67
1266   38983.33   16333.33
1267   38983.33   16366.67
1268   38983.33   16466.67
1269   38983.33   16583.33
1270   38983.33   16616.67
1271   38983.33   16700.00
1272   38983.33   16783.33
1273   38983.33   16900.00
1274   38983.33   17066.67
1275   38983.33   17116.67
1276   38983.33    8416.67
1277   39000.00   16166.67
1278   39000.00   16233.33
1279   39000.00   16316.67
1280   39000.00   16650.00
1281   39000.00   17083.33
1282   39000.00    8416.67
1283   39001.94    8641.39
1284   39010.00    9001.67
1285   39016.67   16200.00
1286   39016.67   16300.00
1287   39016.67   16350.00
1288   39016.67   16400.00
1289   39016.67   16416.67
1290   39016.67   16450.00
1291   39016.67   16466.67
1292   39016.67   16483.33
1293   39016.67   16566.67
1294   39016.67   16583.33
1295   39016.67   16600.00
1296   39016.67   16716.67
1297   39016.67   16733.33
1298   39016.67   16766.67
1299   39016.67   16866.67
1300   39016.67   17166.67
1301   39023.33    8595.83
1302   39023.61    9022.78
1303   39032.78    8996.39
1304   39033.33   16150.00
1305   39033.33   16233.33
1306   39033.33   16266.67
1307   39033.33   16350.00
1308   39033.33   16833.33
1309   39033.33   16850.00
1310   39033.33   16983.33
1311   39033.33   17083.33
1312   39033.33   17116.67
1313   39033.33   17133.33
1314   39033.33    8566.67
1315   39033.33    8716.67
1316   39048.06    8629.44
1317   39050.00   16183.33
1318   39050.00   16316.67
1319   39050.00   16333.33
1320   39050.00   16350.00
1321   39050.00   16400.00
1322   39050.00   16433.33
1323   39050.00   16450.00
1324   39050.00   16750.00
1325   39050.00   16783.33
1326   39050.00   16833.33
1327   39050.00    8366.67
1328   39050.00    8466.67
1329   39050.00    8733.33
1330   39057.50    8577.78
1331   39064.44    8995.00
1332   39064.44    9009.72
1333   39066.39    8452.22
1334   39066.67   16083.33
1335   39066.67   16116.67
1336   39066.67   16166.67
1337   39066.67   16233.33
1338   39066.67   16266.67
1339   39066.67   16333.33
1340   39066.67   16366.67
1341   39066.67   16416.67
1342   39066.67   16550.00
1343   39066.67   16633.33
1344   39066.67   16800.00
1345   39066.67   16833.33
1346   39066.67   16883.33
1347   39066.67   17016.67
1348   39066.67    8533.33
1349   39070.00    8634.44
1350   39075.00    8665.00
1351   39075.83    8560.00
1352   39083.33   16133.33
1353   39083.33   16150.00
1354   39083.33   16233.33
1355   39083.33   16283.33
1356   39083.33   16366.67
1357   39083.33   16383.33
1358   39083.33   16400.00
1359   39083.33   16500.00
1360   39083.33   16516.67
1361   39083.33   16616.67
1362   39083.33   16800.00
1363   39083.33   16833.33
1364   39083.33   16866.67
1365   39083.33   16983.33
1366   39083.33   17050.00
1367   39083.33   17083.33
1368   39083.33   17133.33
1369   39083.33    8633.33
1370   39083.89    8714.17
1371   39087.78    8797.50
1372   39092.78    8715.83
1373   39098.06    8568.89
1374   39100.00   16100.00
1375   39100.00   16283.33
1376   39100.00   16300.00
1377   39100.00   16400.00
1378   39100.00   16416.67
1379   39100.00   16616.67
1380   39100.00   16800.00
1381   39100.00   16850.00
1382   39100.00   16933.33
1383   39100.00   16950.00
1384   39100.00   17050.00
1385   39100.00    8400.00
1386   39107.50    9506.11
1387   39107.78    8368.61
1388   39110.00    8521.11
1389   39110.00    8598.06
1390   39111.11    8673.61
1391   39112.22    9009.44
1392   39116.67   16166.67
1393   39116.67   16200.00
1394   39116.67   16366.67
1395   39116.67   16383.33
1396   39116.67   16400.00
1397   39116.67   16766.67
1398   39116.67   16783.33
1399   39116.67   16950.00
1400   39116.67   17066.67
1401   39116.67    8550.00
1402   39116.67    8566.67
1403   39118.89    9511.39
1404   39119.17    9520.28
1405   39124.72    9525.00
1406   39127.78    9461.39
1407   39128.33    9506.67
1408   39128.61    9009.17
1409   39128.89    9530.83
1410   39129.44    9507.50
1411   39130.56    9535.83
1412   39131.94    8450.83
1413   39133.33   16066.67
1414   39133.33   16100.00
1415   39133.33   16116.67
1416   39133.33   16233.33
1417   39133.33   16250.00
1418   39133.33   16300.00
1419   39133.33   16316.67
1420   39133.33   16333.33
1421   39133.33   16516.67
1422   39133.33   16750.00
1423   39133.33   16783.33
1424   39133.33   16866.67
1425   39133.33   16900.00
1426   39133.33   17083.33
1427   39136.94    9428.61
1428   39143.06    9013.61
1429   39143.06    9518.61
1430   39145.00    8305.83
1431   39149.17    9394.72
1432   39150.00   16083.33
1433   39150.00   16100.00
1434   39150.00   16133.33
1435   39150.00   16166.67
1436   39150.00   16250.00
1437   39150.00   16300.00
1438   39150.00   16366.67
1439   39150.00   16416.67
1440   39150.00   16433.33
1441   39150.00   16500.00
1442   39150.00   16783.33
1443   39150.00   16916.67
1444   39150.00   17033.33
1445   39150.00    8566.67
1446   39150.00    8683.33
1447   39150.00    8700.00
1448   39150.00    9016.67
1449   39153.06    8740.56
1450   39157.22    8539.17
1451   39159.72    8640.28
1452   39160.28    8610.83
1453   39166.67   16066.67
1454   39166.67   16133.33
1455   39166.67   16150.00
1456   39166.67   16283.33
1457   39166.67   16300.00
1458   39166.67   16316.67
1459   39166.67   16400.00
1460   39166.67   16800.00
1461   39166.67   16816.67
1462   39166.67   16916.67
1463   39166.67   16966.67
1464   39166.67    8650.00
1465   39166.67    9382.50
1466   39167.22    8522.22
1467   39167.50    8675.00
1468   39169.72    8748.33
1469   39172.22    8430.83
1470   39174.44    8971.11
1471   39174.44    9378.89
1472   39183.33   16066.67
1473   39183.33   16083.33
1474   39183.33   16100.00
1475   39183.33   16116.67
1476   39183.33   16316.67
1477   39183.33   16383.33
1478   39183.33   16416.67
1479   39183.33   16433.33
1480   39183.33   16583.33
1481   39183.33   16600.00
1482   39183.33   16633.33
1483   39183.33   16716.67
1484   39183.33   16833.33
1485   39183.33   16866.67
1486   39183.33   17000.00
1487   39183.33   17100.00
1488   39183.33    8566.67
1489   39186.39    8721.11
1490   39191.11    9140.56
1491   39192.50    9343.33
1492   39195.83    9063.33
1493   39196.67    8500.56
1494   39200.00   16066.67
1495   39200.00   16283.33
1496   39200.00   16333.33
1497   39200.00   16366.67
1498   39200.00   16416.67
1499   39200.00   16883.33
EOF