NAME: tsp3
DIMENSION: 1500
DISPLAY_DATA_SECTION
   0    2555.56   29800.83
   1    2300.00   29516.67
   2    2166.67   29950.00
   3    2533.33   28900.00
   4    2716.67   29350.00
   5    1694.44   29948.33
   6    2116.67   30050.00
   7    1450.00   30116.67
   8    1600.00   30116.67
   9    2550.00   28933.33
  10    1233.61   30300.83
  11    1383.33   30116.67
  12    1783.33   30250.00
  13    2220.28   29799.17
  14    1633.33   29583.33
  15    1700.00   29550.00
  16    1583.33   29650.00
  17    1856.67   29964.72
  18    1700.00   29550.00
  19    2541.94   29792.78
  20    1300.00   30300.00
  21    2650.00   29716.67
  22    2750.00   29500.00
  23    2300.00   29783.33
  24    1850.00   30266.67
  25    2483.33   29716.67
  26    2620.28   29018.61
  27    2483.33   28896.67
  28    2666.67   29766.67
  29    1650.00   30000.00
  30    2533.33   29633.33
  31    2700.00   29866.67
  32    1516.67   29750.00
  33    2666.67   29016.67
  34    2433.33   29066.67
  35    2266.67   29783.33
  36    2483.33   29016.67
  37    1600.00   30316.67
  38    1333.33   30300.00
  39    1700.00   29266.67
  40    1650.00   29500.00
  41    1750.00   29866.67
  42    1616.67   29366.67
  43    1700.00   29350.00
  44    1600.00   29533.33
  45    1850.00   29933.33
  46    1633.33   29316.67
  47    2489.72   28950.83
  48    1766.67   30200.00
  49    1650.00   29750.00
  50    2433.33   28933.33
  51    2483.33   29050.00
  52    2350.00   29700.00
  53    2566.67   28933.33
  54    2433.33   29833.33
  55    1350.00   30383.33
  56    1500.00   29816.67
  57    1866.67   29950.00
  58    1900.00   29966.67
  59    1433.33   30316.67
  60    1977.78   29796.39
  61    1977.78   29796.39
  62    1766.67   29583.33
  63    1730.00   30174.72
  64    1283.33   30300.00
  65    1416.67   29716.67
  66    1850.00   29633.33
  67    1716.67   29666.67
  68    1800.00   29566.67
  69    1816.67   29916.67
  70    1466.67   30116.67
  71    1728.61   29860.56
  72    1566.67   29850.00
  73    1716.67   29383.33
  74    1566.67   29950.00
  75    1633.33   29683.33
  76    1566.67   29733.33
  77    2423.61   29775.28
  78    1633.33   29666.67
  79    2513.33   29016.67
  80    1883.33   30333.33
  81    1733.33   29683.33
  82    2316.67   29700.00
  83    1970.56   29954.44
  84    1683.33   29833.33
  85    1566.67   29833.33
  86    1566.67   29633.33
  87    2388.61   29609.17
  88    1450.00   29650.00
  89    1616.67   29516.67
  90    1650.00   29266.67
  91    2153.33   30611.39
  92    2583.33   29700.00
  93    1400.00   30250.00
  94    1466.67   29850.00
  95    2666.67   28950.00
  96    1616.67   29750.00
  97    1504.17   29635.83
  98    1483.33   29616.67
  99    2472.50   29731.11
 100    1600.00   29300.00
 101    1733.33   29933.33
 102    1933.33   30250.00
 103    1750.00   29916.67
 104    1650.00   29716.67
 105    1483.33   29833.33
 106    1916.67   29366.67
 107    1666.67   30300.00
 108    2016.67   29883.33
 109    1716.67   29300.00
 110    1633.33   29616.67
 111    2283.33   30216.67
 112    1633.33   29583.33
 113    1516.67   29850.00
 114    1400.00   29733.33
 115    2655.56   29016.94
 116    2400.00   28933.33
 117    1700.00   30216.67
 118    2503.89   28916.67
 119    1883.33   29300.00
 120    1866.67   29300.00
 121    2333.33   29250.00
 122    1483.33   30350.00
 123    1942.78   30121.11
 124    2570.56   28968.06
 125    2316.67   29933.33
 126    2316.67   29250.00
 127    1966.67   29633.33
 128    1783.33   29866.67
 129    1700.00   29650.00
 130    1550.00   29883.33
 131    1533.33   29866.67
 132    1700.00   29683.33
 133    1682.50   29296.94
 134    1566.67   29533.33
 135    1900.00   29650.00
 136    1883.33   29950.00
 137    2450.00   29550.00
 138    2416.67   28983.33
 139    2366.67   29133.33
 140    1800.00   29983.33
 141    1300.00   30233.33
 142    2583.33   28916.67
 143    1476.11   29933.89
 144    2483.33   29566.67
 145    2366.67   30250.00
 146    2666.67   28966.67
 147    2150.00   29650.00
 148    1616.67   29666.67
 149    1716.67   29316.67
 150    2650.00   28900.00
 151    1266.67   30383.33
 152    2283.33   29583.33
 153    1616.67   29366.67
 154    1600.00   29616.67
 155    2500.00   28950.00
 156    2433.33   30166.67
 157    2316.67   29650.00
 158    1483.33   29816.67
 159    2682.78   29774.17
 160    2682.78   29774.17
 161    1528.61   30413.06
 162    1450.00   29550.00
 163    1949.44   30061.11
 164    1566.67   30250.00
 165    2358.06   29738.61
 166    2583.33   29716.67
 167    1783.33   30150.00
 168    1833.33   30033.33
 169    2550.00   29050.00
 170    1600.00   30016.67
 171    1416.67   30150.00
 172    1600.00   30050.00
 173    1739.72   29293.33
 174    1950.00   30016.67
 175    2400.00   29000.00
 176    1666.67   30133.33
 177    1116.67   30383.33
 178    1650.00   30350.00
 179    1400.00   30216.67
 180    1516.67   30250.00
 181    2546.39   28899.17
 182    2068.06   29766.11
 183    2734.44   29640.28
 184    2766.67   29616.67
 185    1433.33   30333.33
 186    2766.67   29683.33
 187    2633.33   29683.33
 188    1583.33   29866.67
 189    2516.67   28933.33
 190    2569.44   29028.06
 191    1633.33   30150.00
 192    2216.67   29866.67
 193    2266.67   29700.00
 194    1800.00   30250.00
 195    2766.67   29683.33
 196    1650.00   30183.33
 197    2766.67   29616.67
 198    1350.00   29750.00
 199    1500.00   30200.00
 200    1800.00   29333.33
 201    1533.33   30416.67
 202    2333.33   29033.33
 203    2358.06   29738.61
 204    2350.00   29666.67
 205    1550.00   30066.67
 206    1783.33   29583.33
 207    1600.00   30250.00
 208    1900.00   29333.33
 209    2429.44   29883.06
 210    1766.67   29933.33
 211    1966.67   29633.33
 212    2083.33   30300.00
 213    2083.33   30300.00
 214    1783.33   30083.33
 215    1783.33   29916.67
 216    2483.33   29566.67
 217    2300.00   29816.67
 218    2516.67   28966.67
 219    1866.67   30166.67
 220    2416.67   28933.33
 221    2783.33   29483.33
 222    1850.00   30083.33
 223    1950.00   29600.00
 224    2585.28   29741.67
 225    1900.00   29350.00
 226    1550.00   29800.00
 227    1850.00   30083.33
 228    2300.00   30150.00
 229    1800.00   29650.00
 230    1650.00   29750.00
 231    1716.67   30233.33
 232    1700.00   29266.67
 233    1550.00   29850.00
 234    1566.67   30216.67
 235    2603.33   29833.61
 236    1171.94   30395.00
 237    1966.67   30166.67
 238    2416.67   29883.33
 239    1916.67   29616.67
 240    2300.00   30166.67
 241    2250.00   29583.33
 242    2533.33   29750.00
 243    2533.33   29750.00
 244    1779.44   29308.33
 245    1733.33   30266.67
 246    2383.33   28983.33
 247    1733.33   30000.00
 248    1800.00   30000.00
 249    2483.33   29666.67
 250    1633.33   30216.67
 251    1716.67   30200.00
 252    1633.33   29716.67
 253    2600.00   29066.67
 254    2266.67   29766.67
 255    2633.33   29766.67
 256    1371.11   30158.33
 257    2344.72   29877.78
 258    2433.33   29683.33
 259    1850.00   29916.67
 260    2383.33   29083.33
 261    2383.33   29083.33
 262    2533.33   28866.67
 263    2283.33   29200.00
 264    2539.72   28940.28
 265    2539.72   28940.28
 266    2383.33   29883.33
 267    1616.67   30200.00
 268    1620.83   29304.44
 269    2316.67   29800.00
 270    1733.33   29650.00
 271    1633.33   29950.00
 272    1666.67   29483.33
 273    1750.00   30183.33
 274    2250.00   30183.33
 275    2116.67   29816.67
 276    2450.00   28966.67
 277    1650.00   29900.00
 278    2350.00   29716.67
 279    1133.33   30383.33
 280    1703.06   30109.44
 281    2633.33   29766.67
 282    1583.33   29683.33
 283    2500.00   29516.67
 284    2265.83   29555.28
 285    2045.00   29841.94
 286    2045.00   29841.94
 287    1383.33   29850.00
 288    1833.33   29616.67
 289    1500.00   29966.67
 290    2516.67   28866.67
 291    1900.00   29366.67
 292    1500.00   30016.67
 293    2566.67   28916.67
 294    2300.00   29150.00
 295    2350.00   30166.67
 296    2500.00   28916.67
 297    1550.00   29733.33
 298    1983.33   30083.33
 299    1790.83   30419.72
 300    1733.33   29550.00
 301    1864.17   29546.39
 302    1650.00   29783.33
 303    1633.33   29833.33
 304    1550.00   30233.33
 305    1400.00   30100.00
 306    2283.33   29166.67
 307    1866.67   29533.33
 308    1600.00   29683.33
 309    2716.67   29700.00
 310    1332.78   30321.39
 311    2466.67   28933.33
 312    2566.67   28950.00
 313    1283.33   30366.67
 314    2700.00   29516.67
 315    1533.33   30066.67
 316    1683.33   30150.00
 317    2533.33   29750.00
 318    2050.00   30116.67
 319    1716.67   29533.33
 320    1883.33   30183.33
 321    2516.67   29566.67
 322    2350.00   29016.67
 323    2433.33   29050.00
 324    1683.33   29900.00
 325    1526.39   30076.94
 326    1731.67   30263.06
 327    2250.00   29650.00
 328    1566.67   29700.00
 329    1516.67   29716.67
 330    1566.67   29700.00
 331    1516.67   30283.33
 332    2400.00   29933.33
 333    2633.33   28966.67
 334    2466.67   28900.00
 335    1800.00   29516.67
 336    2500.28   29849.17
 337    1816.67   29750.00
 338    2333.33   29266.67
 339    2102.78   29952.50
 340    1616.67   30266.67
 341    2366.67   29466.67
 342    1833.33   29616.67
 343    1583.33   29783.33
 344    1183.33   30300.00
 345    1616.67   29316.67
 346    1616.67   29383.33
 347    2666.67   29733.33
 348    2350.00   29100.00
 349    2516.67   29016.67
 350    2266.67   30183.33
 351    2116.67   29683.33
 352    2300.00   29733.33
 353    2000.00   30033.33
 354    2383.33   29150.00
 355    2650.00   29716.67
 356    2750.00   29500.00
 357    1433.33   30316.67
 358    1750.00   29916.67
 359    1550.00   29883.33
 360    2483.33   29566.67
 361    1266.67   30383.33
 362    1416.67   30150.00
 363    1666.67   30133.33
 364    1116.67   30383.33
 365    2734.44   29640.28
 366    1566.67   30216.67
 367    1171.94   30395.00
 368    1866.67   30016.67
 369    2533.33   29750.00
 370    1371.11   30158.33
 371    1400.00   30100.00
 372    1332.78   30321.39
 373    2500.28   29849.17
 374    1600.00   29966.67
 375    2516.67   29316.67
 376    2800.00   29400.00
 377    1082.22   30437.22
 378    2450.00   29550.00
 379    2200.00   30100.00
 380    2641.94   29653.89
 381    1963.89   30038.33
 382    1703.33   29933.61
 383    1900.00   30166.67
 384    1583.33   29950.00
 385    1466.67   30216.67
 386    1533.33   30183.33
 387    1866.67   30016.67
 388    1583.33   30183.33
 389    2583.33   29500.00
 390    1300.00   30216.67
 391    1516.67   29950.00
 392    1966.67   30333.33
 393    2666.67   29416.67
 394    2533.33   29383.33
 395    1450.00   30116.67
 396    1700.00   29950.00
 397    1633.33   29433.33
 398    1600.00   29383.33
 399    1900.00   29600.00
 400    2266.67   30216.67
 401    2366.67   30150.00
 402    2233.33   29650.00
 403    1850.00   29650.00
 404    2525.83   29731.67
 405    2216.67   29566.67
 406    2211.39   30117.22
 407    2100.00   29983.33
 408    1433.33   29683.33
 409    2333.33   29916.67
 410    1833.33   30050.00
 411    1600.00   29966.67
 412    2283.33   29516.67
 413    1583.33   29333.33
 414    2266.67   29850.00
 415    1550.00   29550.00
 416    1883.33   29350.00
 417    2515.00   29679.72
 418    1733.33   30300.00
 419    2666.67   29633.33
 420    1883.33   29516.67
 421    1700.00   29333.33
 422    2266.67   30216.67
 423    2733.33   29833.33
 424    2300.00   29200.00
 425    2300.00   29200.00
 426    2383.33   30150.00
 427    1450.00   30100.00
 428    2054.17   29416.67
 429    1583.33   30350.00
 430    2423.61   29775.28
 431    1866.67   29633.33
 432    2516.67   29316.67
 433    1616.67   29400.00
 434    1933.33   30250.00
 435    2800.00   29400.00
 436    1633.33   29616.67
 437    1082.22   30437.22
 438    2503.89   28916.67
 439    1264.44   30230.00
 440    1264.44   30230.00
 441    2683.33   29783.33
 442    2450.00   29550.00
 443    2200.00   30100.00
 444    1683.33   29900.00
 445    1444.44   30088.61
 446    2466.67   29466.67
 447    2600.00   29433.33
 448    2641.94   29653.89
 449    1750.00   29433.33
 450    1883.33   29466.67
 451    2700.00   29516.67
 452    1833.33   30083.33
 453    2400.00   30133.33
 454    1733.33   30183.33
 455    1433.33   30400.00
 456    1800.00   29650.00
 457    2733.33   29700.00
 458    1750.00   30066.67
 459    1476.11   29933.89
 460    1600.00   29866.67
 461    1700.00   30300.00
 462    2669.17   29462.78
 463    2616.67   29466.67
 464    1896.67   30238.61
 465    2066.67   29733.33
 466    1633.33   30250.00
 467    2533.33   28933.33
 468    1750.00   30033.33
 469    1533.33   29650.00
 470    1950.00   29600.00
 471    1716.67   29633.33
 472    2633.33   28916.67
 473    2311.67   29136.39
 474    1700.00   29883.33
 475    1733.33   29300.00
 476    1476.11   29933.89
 477    1750.00   30016.67
 478    2316.67   29833.33
 479    1650.00   29816.67
 480    1833.33   29383.33
 481    2233.33   29616.67
 482    1433.33   30200.00
 483    1383.33   29800.00
 484    1716.67   29616.67
 485    1566.67   29350.00
 486    1666.67   29500.00
 487    1550.00   29783.33
 488    1550.00   29783.33
 489    1716.67   29300.00
 490    1450.00   29600.00
 491    1446.67   29616.67
 492    1450.00   29566.67
 493    2200.00   30116.67
 494    2200.00   30116.67
 495    1766.67   29550.00
 496    1633.33   29983.33
 497    1750.00   30333.33
 498    1100.00   30400.00
 499    2250.00   29183.33
 500    2616.67   29900.00
 501    1566.67   30150.00
 502    1100.00   30366.67
 503    1816.67   29300.00
 504    2735.00   29695.00
 505    1533.33   29566.67
 506    2075.56   30548.06
 507    2300.00   29550.00
 508    2283.33   29566.67
 509    1950.00   30150.00
 510    1569.44   29675.56
 511    2300.00   29950.00
 512    1963.89   30038.33
 513    1953.61   30060.56
 514    1953.61   30060.56
 515    1370.00   29742.50
 516    2055.56   29349.72
 517    2168.06   30537.50
 518    2100.00   30033.33
 519    2168.06   30537.50
 520    1383.33   30300.00
 521    2366.67   29783.33
 522    2735.00   29695.00
 523    2483.33   29066.67
 524    2483.33   29066.67
 525    2633.33   29000.00
 526    1966.67   29883.33
 527    2714.17   29650.00
 528    1581.94   30046.67
 529    1933.33   30116.67
 530    2366.67   29450.00
 531    1183.33   30400.00
 532    2200.00   30500.00
 533    2266.67   30266.67
 534    1898.61   29850.00
 535    2133.33   30066.67
 536    1703.33   29933.61
 537    1833.33   30183.33
 538    2216.67   29616.67
 539    1933.33   30083.33
 540    1833.33   29366.67
 541    2483.33   29516.67
 542    2350.00   30250.00
 543    2233.33   30250.00
 544    1650.00   29500.00
 545    1766.67   30033.33
 546    1633.33   29833.33
 547    2613.06   29637.78
 548    2432.50   29604.44
 549    1900.00   30166.67
 550    1733.33   29966.67
 551    1666.67   29916.67
 552    1796.11   30191.94
 553    2156.67   30093.33
 554    1633.33   29383.33
 555    1783.33   30033.33
 556    1971.67   30153.61
 557    1900.00   29616.67
 558    1733.33   29316.67
 559    1283.33   30250.00
 560    1694.72   29350.56
 561    1433.33   30050.00
 562    2633.33   29016.67
 563    1616.67   30233.33
 564    2523.06   29035.83
 565    1583.33   29950.00
 566    2016.67   30083.33
 567    1466.67   30283.33
 568    1466.67   30216.67
 569    1066.67   30416.67
 570    2433.33   29866.67
 571    2283.33   29233.33
 572    2266.67   30200.00
 573    1383.33   30350.00
 574    1400.00   30350.00
 575    1566.67   29533.33
 576    1416.67   29850.00
 577    2416.67   28916.67
 578    2200.00   29666.67
 579    1966.67   30216.67
 580    2566.67   28966.67
 581    1500.00   30133.33
 582    1700.00   29283.33
 583    1483.33   30316.67
 584    1700.00   29650.00
 585    1383.33   30316.67
 586    1750.28   29545.83
 587    2017.22   30548.61
 588    1533.33   30183.33
 589    2066.67   29700.00
 590    1616.67   30350.00
 591    1583.33   30316.67
 592    1583.33   29716.67
 593    2166.67   29950.00
 594    1866.67   30016.67
 595    1866.67   30300.00
 596    2333.33   29116.67
 597    2416.67   30116.67
 598    2450.00   29550.00
 599    2433.33   29183.33
 600    1483.33   29900.00
 601    1733.33   29533.33
 602    1700.83   29263.33
 603    1750.00   30383.33
 604    2716.67   29033.33
 605    1583.33   29783.33
 606    1516.67   29800.00
 607    1783.33   29316.67
 608    1601.39   30284.44
 609    1866.67   29933.33
 610    1683.33   30383.33
 611    1896.67   30238.61
 612    2400.00   29800.00
 613    1750.00   29883.33
 614    1616.67   29783.33
 615    1583.33   29916.67
 616    2316.67   29150.00
 617    2066.67   29733.33
 618    1666.67   29800.00
 619    1400.00   30133.33
 620    1800.00   29583.33
 621    1594.72   29942.22
 622    1400.00   29750.00
 623    2074.44   29756.67
 624    1600.00   29933.33
 625    2583.33   28983.33
 626    1783.33   30116.67
 627    1698.06   29928.33
 628    1633.33   29800.00
 629    2683.33   28983.33
 630    1783.33   29883.33
 631    1900.00   30200.00
 632    1583.33   30183.33
 633    2383.33   29750.00
 634    2600.00   29516.67
 635    2583.33   29500.00
 636    2416.67   29900.00
 637    2600.00   29800.00
 638    1700.00   29666.67
 639    2600.00   28900.00
 640    1683.33   29266.67
 641    1850.00   30083.33
 642    2468.89   29567.50
 643    1983.33   30066.67
 644    1466.67   29600.00
 645    2466.67   29000.00
 646    2450.00   29016.67
 647    1750.00   29316.67
 648    1483.33   29700.00
 649    2466.67   28966.67
 650    1850.00   29633.33
 651    2516.67   28900.00
 652    1575.56   29868.06
 653    1300.00   30216.67
 654    2166.67   29950.00
 655    1200.00   30366.67
 656    1416.67   30133.33
 657    1576.67   30239.44
 658    1576.67   30239.44
 659    1608.61   29563.06
 660    1654.17   29669.44
 661    2383.33   29850.00
 662    2750.00   29766.67
 663    1666.67   29883.33
 664    1516.67   29950.00
 665    1433.33   29650.00
 666    1650.00   29450.00
 667    1850.00   30100.00
 668    2600.00   28950.00
 669    2205.83   30239.17
 670    1716.67   30183.33
 671    1716.67   30183.33
 672    1333.33   30383.33
 673    1650.00   29833.33
 674    1550.00   29750.00
 675    1716.67   29566.67
 676    1500.00   29666.67
 677    1316.67   30350.00
 678    1500.00   30100.00
 679    2550.00   28900.00
 680    2483.33   29516.67
 681    1916.67   30250.00
 682    1850.00   30200.00
 683    1800.00   30133.33
 684    1546.67   30238.89
 685    1633.33   29400.00
 686    1450.00   29700.00
 687    2616.67   29016.67
 688    1700.00   29633.33
 689    1683.33   29783.33
 690    1650.00   29683.33
 691    2366.67   29766.67
 692    1966.67   30333.33
 693    2666.67   29416.67
 694    1649.44   29635.56
 695    2392.78   29004.44
 696    2366.67   29016.67
 697    2416.67   29033.33
 698    2533.33   29383.33
 699    1483.33   29650.00
 700    2283.33   29683.33
 701    2400.00   29850.00
 702    1450.00   30116.67
 703    2267.78   29265.28
 704    2283.33   29216.67
 705    2283.33   29533.33
 706    2383.33   29500.00
 707    2400.00   29966.67
 708    2533.33   28883.33
 709    2374.72   29090.56
 710    2550.00   28933.33
 711    2628.06   29751.94
 712    2483.33   28896.67
 713    2316.67   29016.67
 714    1578.61   29688.89
 715    2555.56   29800.83
 716    2300.00   29516.67
 717    2533.33   28900.00
 718    2716.67   29350.00
 719    1694.44   29948.33
 720    2116.67   30050.00
 721    1600.00   30116.67
 722    1233.61   30300.83
 723    1383.33   30116.67
 724    1783.33   30250.00
 725    2220.28   29799.17
 726    1633.33   29583.33
 727    1700.00   29550.00
 728    1583.33   29650.00
 729    1856.67   29964.72
 730    2541.94   29792.78
 731    1300.00   30300.00
 732    2300.00   29783.33
 733    1850.00   30266.67
 734    2483.33   29716.67
 735    2620.28   29018.61
 736    2666.67   29766.67
 737    1650.00   30000.00
 738    2533.33   29633.33
 739    2700.00   29866.67
 740    1516.67   29750.00
 741    2666.67   29016.67
 742    2433.33   29066.67
 743    2266.67   29783.33
 744    2483.33   29016.67
 745    1600.00   30316.67
 746    1333.33   30300.00
 747    1700.00   29266.67
 748    1650.00   29500.00
 749    1750.00   29866.67
 750    1616.67   29366.67
 751    1700.00   29350.00
 752    1600.00   29533.33
 753    1850.00   29933.33
 754    1633.33   29316.67
 755    2489.72   28950.83
 756    1766.67   30200.00
 757    1650.00   29750.00
 758    2433.33   28933.33
 759    2483.33   29050.00
 760    2350.00   29700.00
 761    2566.67   28933.33
 762    2433.33   29833.33
 763    1350.00   30383.33
 764    1500.00   29816.67
 765    1866.67   29950.00
 766    1900.00   29966.67
 767    1766.67   29583.33
 768    1730.00   30174.72
 769    1283.33   30300.00
 770    1416.67   29716.67
 771    1850.00   29633.33
 772    1716.67   29666.67
 773    1800.00   29566.67
 774    1816.67   29916.67
 775    1466.67   30116.67
 776    1728.61   29860.56
 777    1566.67   29850.00
 778    1716.67   29383.33
 779    1566.67   29950.00
 780    1633.33   29683.33
 781    1566.67   29733.33
 782    1633.33   29666.67
 783    2513.33   29016.67
 784    1883.33   30333.33
 785    1733.33   29683.33
 786    2316.67   29700.00
 787    1683.33   29833.33
 788    1566.67   29833.33
 789    1566.67   29633.33
 790    1450.00   29650.00
 791    2388.61   29609.17
 792    1450.00   29650.00
 793    1616.67   29516.67
 794    1650.00   29266.67
 795    2583.33   29700.00
 796    1400.00   30250.00
 797    1466.67   29850.00
 798    2666.67   28950.00
 799    1616.67   29750.00
 800    1483.33   29616.67
 801    1600.00   29300.00
 802    1733.33   29933.33
 803    1933.33   30250.00
 804    1650.00   29716.67
 805    1483.33   29833.33
 806    1916.67   29366.67
 807    1666.67   30300.00
 808    2016.67   29883.33
 809    2016.67   29883.33
 810    1716.67   29300.00
 811    1633.33   29616.67
 812    2283.33   30216.67
 813    1633.33   29583.33
 814    1516.67   29850.00
 815    1400.00   29733.33
 816    2655.56   29016.94
 817    2400.00   28933.33
 818    1700.00   30216.67
 819    2503.89   28916.67
 820    1883.33   29300.00
 821    1866.67   29300.00
 822    2333.33   29250.00
 823    1483.33   30350.00
 824    1942.78   30121.11
 825    2570.56   28968.06
 826    2316.67   29933.33
 827    2316.67   29250.00
 828    1966.67   29633.33
 829    1783.33   29866.67
 830    1700.00   29650.00
 831    1533.33   29866.67
 832    1700.00   29683.33
 833    1682.50   29296.94
 834    1566.67   29533.33
 835    1900.00   29650.00
 836    1883.33   29950.00
 837    2416.67   28983.33
 838    2366.67   29133.33
 839    1800.00   29983.33
 840    1300.00   30233.33
 841    2583.33   28916.67
 842    2366.67   30250.00
 843    2666.67   28966.67
 844    2150.00   29650.00
 845    1616.67   29666.67
 846    1716.67   29316.67
 847    2650.00   28900.00
 848    2283.33   29583.33
 849    1616.67   29366.67
 850    1600.00   29616.67
 851    2500.00   28950.00
 852    2350.00   29666.67
 853    2433.33   30166.67
 854    2316.67   29650.00
 855    1483.33   29816.67
 856    2682.78   29774.17
 857    1528.61   30413.06
 858    1450.00   29550.00
 859    1949.44   30061.11
 860    1566.67   30250.00
 861    1516.67   30250.00
 862    2583.33   29716.67
 863    1833.33   30033.33
 864    1783.33   30150.00
 865    2550.00   29050.00
 866    1600.00   30016.67
 867    1600.00   30050.00
 868    1739.72   29293.33
 869    1950.00   30016.67
 870    2400.00   29000.00
 871    1650.00   30350.00
 872    1400.00   30216.67
 873    1516.67   30250.00
 874    2546.39   28899.17
 875    1433.33   30333.33
 876    2633.33   29683.33
 877    1583.33   29866.67
 878    2516.67   28933.33
 879    2569.44   29028.06
 880    1633.33   30150.00
 881    2216.67   29866.67
 882    2266.67   29700.00
 883    1800.00   30250.00
 884    2766.67   29683.33
 885    1650.00   30183.33
 886    2766.67   29616.67
 887    1350.00   29750.00
 888    1500.00   30200.00
 889    1800.00   29333.33
 890    1533.33   30416.67
 891    2333.33   29033.33
 892    2350.00   29666.67
 893    1550.00   30066.67
 894    1783.33   29583.33
 895    1600.00   30250.00
 896    1900.00   29333.33
 897    1766.67   29933.33
 898    1966.67   29633.33
 899    2083.33   30300.00
 900    1783.33   30083.33
 901    1783.33   29916.67
 902    2300.00   29816.67
 903    2516.67   28966.67
 904    1866.67   30166.67
 905    2416.67   28933.33
 906    2783.33   29483.33
 907    1950.00   29600.00
 908    2585.28   29741.67
 909    1900.00   29350.00
 910    1550.00   29800.00
 911    1850.00   30083.33
 912    2300.00   30150.00
 913    1800.00   29650.00
 914    1650.00   29750.00
 915    1716.67   30233.33
 916    1700.00   29266.67
 917    1550.00   29850.00
 918    1966.67   30166.67
 919    2416.67   29883.33
 920    1916.67   29616.67
 921    2300.00   30166.67
 922    2250.00   29583.33
 923    1779.44   29308.33
 924    1733.33   30266.67
 925    1733.33   30000.00
 926    1800.00   30000.00
 927    2483.33   29666.67
 928    1633.33   30216.67
 929    1716.67   30200.00
 930    1633.33   29716.67
 931    2600.00   29066.67
 932    2266.67   29766.67
 933    2633.33   29766.67
 934    2344.72   29877.78
 935    2433.33   29683.33
 936    1850.00   29916.67
 937    2383.33   29083.33
 938    2533.33   28866.67
 939    2283.33   29200.00
 940    2539.72   28940.28
 941    2383.33   29883.33
 942    1616.67   30200.00
 943    1620.83   29304.44
 944    2316.67   29800.00
 945    1733.33   29650.00
 946    1633.33   29950.00
 947    1666.67   29483.33
 948    1750.00   30183.33
 949    2250.00   30183.33
 950    2116.67   29816.67
 951    2450.00   28966.67
 952    1650.00   29900.00
 953    2350.00   29716.67
 954    1133.33   30383.33
 955    1703.06   30109.44
 956    1583.33   29683.33
 957    2500.00   29516.67
 958    2265.83   29555.28
 959    1383.33   29850.00
 960    1833.33   29616.67
 961    1500.00   29966.67
 962    2516.67   28866.67
 963    1900.00   29366.67
 964    1500.00   30016.67
 965    2383.33   28983.33
 966    2566.67   28916.67
 967    2300.00   29150.00
 968    2350.00   30166.67
 969    2500.00   28916.67
 970    1550.00   29733.33
 971    1983.33   30083.33
 972    1790.83   30419.72
 973    1733.33   29550.00
 974    1864.17   29546.39
 975    1650.00   29783.33
 976    1633.33   29833.33
 977    1550.00   30233.33
 978    2283.33   29166.67
 979    1866.67   29533.33
 980    1600.00   29683.33
 981    2716.67   29700.00
 982    2466.67   28933.33
 983    2566.67   28950.00
 984    1283.33   30366.67
 985    2700.00   29516.67
 986    1533.33   30066.67
 987    1683.33   30150.00
 988    2050.00   30116.67
 989    1716.67   29533.33
 990    1883.33   30183.33
 991    2516.67   29566.67
 992    2350.00   29016.67
 993    2433.33   29050.00
 994    1683.33   29900.00
 995    1526.39   30076.94
 996    1731.67   30263.06
 997    2250.00   29650.00
 998    1566.67   29700.00
 999    1516.67   29716.67
1000    1516.67   30283.33
1001    2400.00   29933.33
1002    2633.33   28966.67
1003    2466.67   28900.00
1004    1800.00   29516.67
1005    1816.67   29750.00
1006    2333.33   29266.67
1007    1616.67   30266.67
1008    2366.67   29466.67
1009    1833.33   29616.67
1010    1583.33   29783.33
1011    1183.33   30300.00
1012    1616.67   29316.67
1013    1616.67   29383.33
1014    2666.67   29733.33
1015    2350.00   29100.00
1016    2516.67   29016.67
1017    2266.67   30183.33
1018    2116.67   29683.33
1019    2300.00   29733.33
1020    2000.00   30033.33
1021    2383.33   29150.00
1022    1633.33   29433.33
1023    1600.00   29383.33
1024    1900.00   29600.00
1025    2366.67   30150.00
1026    2233.33   29650.00
1027    1850.00   29650.00
1028    2525.83   29731.67
1029    2216.67   29566.67
1030    2211.39   30117.22
1031    1433.33   29683.33
1032    2333.33   29916.67
1033    1833.33   30050.00
1034    2283.33   29516.67
1035    1583.33   29333.33
1036    2266.67   29850.00
1037    1550.00   29550.00
1038    1883.33   29350.00
1039    1733.33   30300.00
1040    2666.67   29633.33
1041    1883.33   29516.67
1042    1700.00   29333.33
1043    2266.67   30216.67
1044    2733.33   29833.33
1045    2300.00   29200.00
1046    2383.33   30150.00
1047    1450.00   30100.00
1048    1583.33   30350.00
1049    1866.67   29633.33
1050    1616.67   29400.00
1051    1264.44   30230.00
1052    2683.33   29783.33
1053    1683.33   29900.00
1054    1444.44   30088.61
1055    2466.67   29466.67
1056    2600.00   29433.33
1057    1750.00   29433.33
1058    1883.33   29466.67
1059    1833.33   30083.33
1060    2400.00   30133.33
1061    1733.33   30183.33
1062    1433.33   30400.00
1063    1800.00   29650.00
1064    2733.33   29700.00
1065    1750.00   30066.67
1066    1600.00   29866.67
1067    1700.00   30300.00
1068    2616.67   29466.67
1069    1633.33   30250.00
1070    2533.33   28933.33
1071    1750.00   30033.33
1072    1533.33   29650.00
1073    1950.00   29600.00
1074    1716.67   29633.33
1075    2633.33   28916.67
1076    2311.67   29136.39
1077    1700.00   29883.33
1078    1733.33   29300.00
1079    1750.00   30016.67
1080    2316.67   29833.33
1081    1650.00   29816.67
1082    1833.33   29383.33
1083    2233.33   29616.67
1084    1433.33   30200.00
1085    1383.33   29800.00
1086    1716.67   29616.67
1087    1566.67   29350.00
1088    1666.67   29500.00
1089    1550.00   29783.33
1090    1716.67   29300.00
1091    1450.00   29600.00
1092    1450.00   29566.67
1093    2200.00   30116.67
1094    1766.67   29550.00
1095    1633.33   29983.33
1096    1750.00   30333.33
1097    1100.00   30400.00
1098    2616.67   29900.00
1099    1566.67   30150.00
1100    1100.00   30366.67
1101    1816.67   29300.00
1102    2735.00   29695.00
1103    1533.33   29566.67
1104    2300.00   29550.00
1105    2283.33   29566.67
1106    1950.00   30150.00
1107    1569.44   29675.56
1108    2300.00   29950.00
1109    1370.00   29742.50
1110    2100.00   30033.33
1111    1383.33   30300.00
1112    2366.67   29783.33
1113    2483.33   29066.67
1114    2633.33   29000.00
1115    1966.67   29883.33
1116    2714.17   29650.00
1117    1581.94   30046.67
1118    1933.33   30116.67
1119    2366.67   29450.00
1120    1183.33   30400.00
1121    2200.00   30500.00
1122    2266.67   30266.67
1123    2133.33   30066.67
1124    1833.33   30183.33
1125    2216.67   29616.67
1126    1933.33   30083.33
1127    1833.33   29366.67
1128    2350.00   30250.00
1129    2233.33   30250.00
1130    1650.00   29500.00
1131    1766.67   30033.33
1132    1633.33   29833.33
1133    2613.06   29637.78
1134    2432.50   29604.44
1135    1733.33   29966.67
1136    1666.67   29916.67
1137    1796.11   30191.94
1138    2156.67   30093.33
1139    1633.33   29383.33
1140    1783.33   30033.33
1141    1971.67   30153.61
1142    1900.00   29616.67
1143    1733.33   29316.67
1144    1283.33   30250.00
1145    1694.72   29350.56
1146    1433.33   30050.00
1147    2633.33   29016.67
1148    1616.67   30233.33
1149    2523.06   29035.83
1150    2016.67   30083.33
1151    1466.67   30283.33
1152    1066.67   30416.67
1153    2433.33   29866.67
1154    2283.33   29233.33
1155    2266.67   30200.00
1156    1383.33   30350.00
1157    1400.00   30350.00
1158    1566.67   29533.33
1159    1416.67   29850.00
1160    2416.67   28916.67
1161    2200.00   29666.67
1162    1966.67   30216.67
1163    2566.67   28966.67
1164    1500.00   30133.33
1165    1700.00   29283.33
1166    1483.33   30316.67
1167    1700.00   29650.00
1168    1383.33   30316.67
1169    2066.67   29700.00
1170    1616.67   30350.00
1171    1583.33   30316.67
1172    1583.33   29716.67
1173    2166.67   29950.00
1174    1866.67   30300.00
1175    2333.33   29116.67
1176    2416.67   30116.67
1177    2433.33   29183.33
1178    1483.33   29900.00
1179    1733.33   29533.33
1180    1700.83   29263.33
1181    1750.00   30383.33
1182    2716.67   29033.33
1183    1583.33   29783.33
1184    1516.67   29800.00
1185    1783.33   29316.67
1186    1601.39   30284.44
1187    1866.67   29933.33
1188    1683.33   30383.33
1189    1896.67   30238.61
1190    2400.00   29800.00
1191    1750.00   29883.33
1192    1616.67   29783.33
1193    1583.33   29916.67
1194    2316.67   29150.00
1195    2066.67   29733.33
1196    1666.67   29800.00
1197    1400.00   30133.33
1198    1800.00   29583.33
1199    1594.72   29942.22
1200    1400.00   29750.00
1201    1600.00   29933.33
1202    2583.33   28983.33
1203    1783.33   30116.67
1204    1698.06   29928.33
1205    1633.33   29800.00
1206    2683.33   28983.33
1207    1783.33   29883.33
1208    1900.00   30200.00
1209    2383.33   29750.00
1210    2600.00   29516.67
1211    2416.67   29900.00
1212    2600.00   29800.00
1213    1700.00   29666.67
1214    2600.00   28900.00
1215    1683.33   29266.67
1216    1983.33   30066.67
1217    1466.67   29600.00
1218    2466.67   29000.00
1219    2450.00   29016.67
1220    1750.00   29316.67
1221    1483.33   29700.00
1222    2466.67   28966.67
1223    1850.00   29633.33
1224    2516.67   28900.00
1225    1575.56   29868.06
1226    1200.00   30366.67
1227    1416.67   30133.33
1228    1608.61   29563.06
1229    2383.33   29850.00
1230    2750.00   29766.67
1231    1666.67   29883.33
1232    1433.33   29650.00
1233    1650.00   29450.00
1234    1850.00   30100.00
1235    2600.00   28950.00
1236    2205.83   30239.17
1237    1716.67   30183.33
1238    1333.33   30383.33
1239    1650.00   29833.33
1240    1550.00   29750.00
1241    1716.67   29566.67
1242    1500.00   29666.67
1243    1316.67   30350.00
1244    1500.00   30100.00
1245    2550.00   28900.00
1246    2483.33   29516.67
1247    1916.67   30250.00
1248    1850.00   30200.00
1249    1800.00   30133.33
1250    1546.67   30238.89
1251    1633.33   29400.00
1252    1450.00   29700.00
1253    2616.67   29016.67
1254    1700.00   29633.33
1255    1683.33   29783.33
1256    1650.00   29683.33
1257    2366.67   29766.67
1258    1649.44   29635.56
1259    2392.78   29004.44
1260    2366.67   29016.67
1261    2416.67   29033.33
1262    1483.33   29650.00
1263    2283.33   29683.33
1264    2400.00   29850.00
1265    2267.78   29265.28
1266    2283.33   29216.67
1267    2283.33   29533.33
1268    2383.33   29500.00
1269    2400.00   29966.67
1270    2533.33   28883.33
1271    2550.00   28933.33
1272    2628.06   29751.94
1273    2316.67   29016.67
1274    1578.61   29688.89
1275    2700.00   29600.00
1276    2466.67   29850.00
1277    1416.67   30116.67
1278    1650.00   29733.33
1279    1266.67   30266.67
1280    1416.67   29816.67
1281    1687.22   30018.33
1282    2683.33   29733.33
1283    1166.67   30316.67
1284    1466.67   30050.00
1285    1883.33   29616.67
1286    1379.17   29735.83
1287    1400.00   29833.33
1288    1483.33   29900.00
1289    1700.00   29666.67
1290    2333.33   29087.22
1291    2650.00   28950.00
1292    1866.67   30100.00
1293    1583.33   29733.33
1294    1550.00   29950.00
1295    1666.67   29933.33
1296    1333.33   30166.67
1297    2600.00   28916.67
1298    1633.33   29316.67
1299    1666.67   29700.00
1300    2316.67   29816.67
1301    2583.33   29033.33
1302    2700.00   29650.00
1303    2450.00   29000.00
1304    1733.33   29850.00
1305    1595.00   29320.00
1306    1683.33   30050.00
1307    1733.33   30033.33
1308    1600.00   29316.67
1309    1333.33   30283.33
1310    1450.00   29883.33
1311    1716.67   30000.00
1312    1583.33   29383.33
1313    1616.67   29733.33
1314    1900.00   29300.00
1315    1883.33   29300.00
1316    2616.67   28916.67
1317    2333.33   29016.67
1318    2433.33   29766.67
1319    2583.33   29050.00
1320    2433.33   28983.33
1321    1450.00   30183.33
1322    1633.33   29300.00
1323    1683.33   30500.00
1324    1483.33   29933.33
1325    1750.28   30332.78
1326    1916.67   29966.67
1327    2433.33   29883.33
1328    1750.00   29316.67
1329    2683.33   29650.00
1330    2400.00   29050.00
1331    2433.33   29450.00
1332    1483.33   29850.00
1333    1750.00   29633.33
1334    1683.33   29516.67
1335    2066.67   30283.33
1336    1633.33   29366.67
1337    2433.33   28966.67
1338    2483.33   28983.33
1339    1466.67   30233.33
1340    1450.00   30433.33
1341    1683.33   29350.00
1342    1933.33   30233.33
1343    2700.00   29600.00
1344    1700.00   29550.00
1345    2466.67   29850.00
1346    1576.11   30067.50
1347    1416.67   30116.67
1348    1650.00   29733.33
1349    1266.67   30266.67
1350    1700.00   29950.00
1351    1683.33   30500.00
1352    2596.67   29739.44
1353    1416.67   29816.67
1354    1687.22   30018.33
1355    2683.33   29733.33
1356    1166.67   30316.67
1357    1466.67   30050.00
1358    1883.33   29616.67
1359    1379.17   29735.83
1360    1400.00   29833.33
1361    2597.22   29738.89
1362    1483.33   29900.00
1363    1700.00   29666.67
1364    2333.33   29087.22
1365    2650.00   28950.00
1366    1866.67   30100.00
1367    1583.33   29733.33
1368    1550.00   29950.00
1369    1666.67   29933.33
1370    1333.33   30166.67
1371    2600.00   28916.67
1372    1633.33   29316.67
1373    1666.67   29700.00
1374    2316.67   29816.67
1375    2583.33   29033.33
1376    2700.00   29650.00
1377    2450.00   29000.00
1378    1733.33   29850.00
1379    1595.00   29320.00
1380    1683.33   30050.00
1381    1733.33   30033.33
1382    1600.00   29316.67
1383    1333.33   30283.33
1384    1450.00   29883.33
1385    1450.00   29883.33
1386    1716.67   30000.00
1387    1583.33   29383.33
1388    1616.67   29733.33
1389    1900.00   29300.00
1390    1883.33   29300.00
1391    2616.67   28916.67
1392    2333.33   29016.67
1393    2433.33   29766.67
1394    2583.33   29050.00
1395    2433.33   28983.33
1396    1450.00   30183.33
1397    1633.33   29300.00
1398    1683.33   30500.00
1399    2016.67   29883.33
1400    1483.33   29933.33
1401    1750.28   30332.78
1402    1916.67   29966.67
1403    2433.33   29883.33
1404    1750.00   29316.67
1405    1576.11   30067.50
1406    2683.33   29650.00
1407    2400.00   29050.00
1408    2433.33   29450.00
1409    1483.33   29850.00
1410    2177.78   30528.61
1411    1750.00   29633.33
1412    1683.33   29516.67
1413    2066.67   30283.33
1414    1633.33   29366.67
1415    2433.33   28966.67
1416    2483.33   28983.33
1417    1466.67   30233.33
1418    1450.00   30433.33
1419    1683.33   29350.00
1420    1933.33   30233.33
1421    2433.33   29183.33
1422    2597.22   29738.89
1423    1550.00   29866.67
1424    1666.67   29983.33
1425    1813.61   29492.50
1426    1884.44   29353.06
1427    1700.83   29417.50
1428    1584.72   29412.50
1429    1574.17   29352.50
1430    1626.67   29343.06
1431    1542.22   29383.06
1432    1433.89   29648.33
1433    1397.50   29708.61
1434    1407.50   29681.67
1435    1405.83   29736.94
1436    1473.33   29991.67
1437    1485.56   29849.17
1438    1392.22   29829.72
1439    2541.11   28918.61
1440    2162.78   29300.56
1441    2769.17   29455.28
1442    2642.22   29607.50
1443    1393.06   30513.61
1444    1371.67   30461.11
1445    1896.67   30238.61
1446    1740.28   30391.94
1447    2202.22   30283.33
1448    2464.44   29591.94
1449    2383.33   28983.33
1450    2464.72   29923.33
1451    2580.83   29711.67
1452    2660.56   29690.28
1453    2669.44   29847.22
1454    2732.22   29855.56
1455    2751.67   29492.50
1456    2717.78   29534.44
1457    2687.50   29558.61
1458    2591.67   29500.56
1459    2517.22   29482.78
1460    2459.17   29564.72
1461    2461.39   29659.44
1462    2413.33   29445.56
1463    2336.39   29533.33
1464    2360.28   29444.17
1465    2328.33   29530.28
1466    2646.94   29009.44
1467    2616.39   28940.00
1468    2533.89   28893.89
1469    2479.44   28924.44
1470    2437.78   28922.22
1471    2304.72   29208.89
1472    2343.33   29103.33
1473    2075.83   29357.78
1474    2195.56   29241.39
1475    2254.72   29336.94
1476    2185.56   29511.94
1477    2157.50   29549.72
1478    2046.67   29596.94
1479    1958.89   29387.22
1480    2268.61   29704.17
1481    2229.44   29650.00
1482    2257.50   29791.11
1483    2222.50   29859.44
1484    2160.00   29728.89
1485    2058.89   29727.50
1486    1997.78   29697.22
1487    1946.39   29898.89
1488    1894.72   29752.50
1489    1877.78   29753.06
1490    1840.28   29686.94
1491    1607.50   29331.11
1492    1598.89   29382.22
1493    1660.28   29519.44
1494    1697.78   29560.83
1495    1765.56   29549.72
1496    1811.39   29628.06
1497    1937.50   29621.39
1498    1590.83   29521.11
1499    1620.83   29631.67
EOF